2.120011761134630857e-01 9.999882359546782840e-02
2.121009943027469813e-01 1.384920107685416128e-03
2.121176352362983686e-01 1.234882654778234317e-03
2.122404024487972996e-01 1.266897883750571756e-03
2.123694886278180427e-01 1.468430484155045001e-03
2.125049052145693840e-01 1.502126945907368821e-03
2.126445788401454817e-01 1.239560983936431691e-03
2.127885177834482888e-01 1.157308276748516152e-03
2.129388188212122945e-01 1.346546310839449563e-03
2.130934055166016083e-01 1.408462592394805384e-03
2.132522870471378340e-01 1.277566931482316571e-03
2.134133799342205484e-01 1.138748216154459756e-03
2.135766890091554127e-01 1.025925725694224345e-03
2.137443153127114304e-01 1.077112296739521488e-03
2.139141709845719941e-01 1.343336697342306825e-03
2.140862611291700079e-01 1.539051874978339613e-03
2.142605909207854764e-01 1.545843477074428877e-03
2.144371656038050467e-01 1.450135423574651665e-03
2.146159904929843820e-01 1.483985565542901520e-03
2.147949645090229120e-01 1.579271372106996621e-03
2.149740877762814639e-01 1.488731678193556951e-03
2.151575803987807733e-01 1.125982761628556211e-03
2.153412296426796824e-01 8.962637504394842160e-04
2.155313765770471290e-01 8.502380555734303114e-04
2.157216914117126849e-01 9.727051845001935841e-04
2.159164091577286948e-01 1.147111315075388226e-03
2.161155414310782785e-01 1.196878618087601895e-03
2.163169787273432065e-01 1.135529989742732788e-03
2.165207271477696538e-01 1.140320502766304506e-03
2.167310437079262575e-01 1.198488867983367196e-03
2.169415645582496444e-01 1.246685059269226660e-03
2.171565490833780865e-01 1.173396912545490939e-03
2.173738783884875680e-01 1.051093560630601527e-03
2.175935590849937540e-01 9.512701830836236107e-04
2.178155978601754583e-01 9.894166011831339973e-04
2.180442780751319920e-01 9.106405197382578523e-04
2.182731983768464168e-01 8.711676872103397973e-04
2.185045018399819350e-01 1.010396004073571986e-03
2.187403406645110071e-01 1.141563012048036783e-03
2.189785815091371546e-01 1.042175680477496836e-03
2.192170818335641425e-01 9.720988937256749710e-04
2.194622985035526719e-01 1.132513074127299924e-03
2.197056348504413392e-01 1.219374386200597175e-03
2.199535550499472636e-01 1.135768559529711950e-03
2.202060740053927990e-01 1.011420452760288967e-03
2.204567208779317777e-01 8.911181657989499698e-04
2.207163109720348959e-01 8.397579014826783315e-04
2.209740396741549096e-01 8.567875082573535436e-04
2.212385781653702921e-01 8.534692063248454840e-04
2.215034333481455675e-01 8.162083795482689150e-04
2.217729553314000956e-01 8.100072369017788593e-04
2.220471603727695031e-01 8.380618384557036006e-04
2.223217044473840276e-01 8.694432531996900727e-04
2.226009539441229368e-01 8.163222394055140441e-04
2.228805541951061064e-01 7.161993951511952308e-04
2.231648826711735145e-01 7.477703711420745705e-04
2.234539565647667980e-01 9.706198900241039349e-04
2.237455991275000278e-01 1.098168763566864095e-03
2.240376223296531577e-01 9.397105010508649287e-04
2.243366266539546516e-01 7.466916500288393052e-04
2.246360300343835104e-01 6.927502399571193936e-04
2.249358330035265974e-01 6.736152979861571464e-04
2.252426627362071332e-01 6.824691609200599389e-04
2.255521229451565857e-01 7.430351252886116965e-04
2.258620083205455653e-01 8.184927236801800001e-04
2.261767555499578641e-01 7.942864522534514356e-04
2.264919413915084667e-01 7.490986180182949766e-04
2.268142393337453933e-01 8.069216432455309992e-04
2.271347684263721745e-01 9.766708952160172135e-04
2.274624424314103388e-01 1.082678456917289273e-03
2.277905891525119353e-01 9.878182785535184751e-04
2.281192092716365361e-01 8.965620375482066763e-04
2.284527842159207733e-01 9.024667670101614277e-04
2.287890906224856191e-01 9.978578676293828331e-04
2.291326331917735715e-01 1.189519280028154087e-03
2.294721907873428779e-01 1.205154080327509999e-03
2.298167590785526182e-01 1.093073929251739754e-03
2.301595876193321122e-01 1.010888561256639406e-03
2.305097091717652202e-01 9.709412919764381575e-04
2.308626273491952430e-01 1.096829697530819466e-03
2.312206208872982782e-01 1.185946283039411141e-03
2.315768985152008019e-01 1.081521850130166135e-03
2.319337251155420832e-01 1.002200626659551690e-03
2.323002138558669383e-01 1.042413907311203446e-03
2.326649999875904651e-01 1.161585343869137076e-03
2.330326442476939042e-01 1.232788350713476776e-03
2.334031583690028555e-01 1.140374163472766128e-03
2.337742615953899428e-01 9.823418539015010137e-04
2.341298818336572107e-01 8.735162935604318937e-04
2.345205389996526391e-01 8.444408587966494755e-04
2.349095442706366221e-01 8.644196883365479764e-04
2.353061175031749830e-01 8.842423804706434163e-04
2.356594458369529466e-01 8.953649701941329871e-04
2.360596000312788489e-01 9.120250630553374373e-04
2.364604336949919783e-01 8.695952287547920436e-04
2.368201401707927256e-01 7.621605027886877532e-04
2.372292445329299837e-01 7.087398621658854564e-04
2.376390556186551151e-01 6.762559183413643883e-04
2.380519091682833932e-01 6.909863561212015257e-04
2.384210509656971844e-01 7.445388739929640395e-04
2.388399475585947229e-01 7.077388550035748497e-04
2.392595801366530772e-01 6.885392727892467599e-04
2.396352947142126322e-01 8.301515992210808503e-04
2.400610331084007676e-01 1.048517697762820075e-03
2.404898863016885491e-01 1.165750866268257333e-03
2.408722571887993436e-01 1.105104072742895240e-03
2.413072924456464707e-01 9.124834669356130705e-04
2.417407426939821857e-01 7.553740665050579254e-04
2.421322259336329552e-01 7.350082176856023936e-04
2.425719156445483859e-01 8.799448078118316582e-04
2.429647449141474902e-01 1.054931993198116470e-03
2.434107205232028392e-01 1.073203981449745046e-03
2.438599062229834802e-01 1.039555281667839609e-03
2.442596120790547221e-01 1.097432628367398660e-03
2.447103643078145097e-01 1.174718894347334631e-03
2.451162717050352491e-01 1.130144058963851623e-03
2.455734213365523555e-01 9.901751292589169775e-04
2.460338363630039937e-01 9.752570489822686437e-04
2.464443558597030071e-01 1.100052858356634919e-03
2.469088251409289336e-01 1.180835095695524943e-03
2.473232300403607198e-01 1.126060349129618570e-03
2.477917857562288717e-01 1.129475700853383151e-03
2.482636638181677513e-01 1.253829006618406485e-03
2.486827814150618099e-01 1.397851065925406278e-03
2.491587996715285969e-01 1.473869751188665138e-03
2.495843236390318520e-01 1.419536327846790402e-03
2.500645199145223874e-01 1.210757078373623152e-03
2.504915907094776850e-01 9.366532882045595747e-04
2.509784551024152877e-01 8.707095526236625438e-04
2.514095522693968743e-01 1.056566103792661417e-03
2.518982008451741139e-01 1.247921818895503633e-03
2.523902743082123701e-01 1.123213933171715541e-03
2.528262759173071084e-01 9.670102219061272892e-04
2.533226466153750134e-01 1.068862470944016273e-03
2.537652360964258169e-01 1.229663885186581783e-03
2.542634502433910315e-01 1.243943413909271616e-03
2.547651409502413866e-01 1.263283523030612338e-03
2.552127534790045171e-01 1.239873501983713771e-03
2.557188250438852117e-01 1.124107151142399218e-03
2.562284128904731562e-01 1.098600711643911475e-03
2.566811135433234026e-01 1.093740966126222807e-03
2.571926190059654060e-01 9.189531648846039312e-04
2.577076710583576236e-01 7.788943414296560595e-04
2.582212222101795129e-01 7.848902704576146390e-04
2.586825173828514179e-01 7.715218221700301379e-04
2.592030950390012967e-01 7.207842136274498525e-04
2.597247203156043405e-01 7.590938634303300188e-04
2.602499475313457822e-01 9.740678569072139248e-04
2.607174236827854430e-01 1.208419337054789534e-03
2.612446583887071405e-01 1.198408304061049758e-03
2.617755264642102064e-01 1.081120236792826534e-03
2.623074733021091842e-01 9.656265887017933961e-04
2.628430787351930253e-01 8.443528756467854777e-04
2.633797778206091733e-01 8.339396570591054879e-04
2.638554635248483438e-01 9.086577379759735139e-04
2.643968226758771078e-01 1.053477441214452923e-03
2.649392925476258820e-01 1.274735949068098563e-03
2.654828754189891837e-01 1.360330096307059205e-03
2.660275735735376235e-01 1.353329677597447673e-03
2.665760035481140600e-01 1.324528384654070044e-03
2.671255641402162651e-01 1.178990954968712600e-03
2.676762576806722693e-01 1.081912703107712872e-03
2.682307169810907443e-01 1.058361035326997688e-03
2.687863247775262865e-01 9.407945022651935255e-04
2.693430834489508041e-01 8.216777982871329442e-04
2.699009953792640970e-01 8.718384911289574863e-04
2.704627153219651969e-01 1.073478165721212466e-03
2.710256043203549403e-01 1.169931326508105414e-03
2.715896648074807573e-01 1.074600886635810985e-03
2.721548992214535279e-01 9.896045155903514939e-04
2.727239845458591661e-01 9.400106095009934251e-04
2.732942598473968587e-01 8.467145655502132532e-04
2.738657276143500741e-01 7.576804032434105015e-04
2.744383903402051739e-01 7.273112227677597675e-04
2.750122505236627934e-01 8.108366858476796475e-04
2.755900133155234077e-01 1.005488682353004523e-03
2.761689899072893306e-01 1.087242348309973511e-03
2.768143271842964936e-01 1.115673616940047628e-03
2.773958758905685773e-01 1.065249013484603508e-03
2.779786463504298477e-01 8.962968885501980312e-04
2.785653729561479719e-01 8.781542966601050323e-04
2.791533379595429465e-01 1.050521385001744251e-03
2.797425439744877784e-01 1.173140580999826625e-03
2.803962317460662046e-01 1.113785229530345417e-03
2.809908167351488628e-01 1.042857224176206576e-03
2.815839010972229772e-01 1.047578905110228484e-03
2.821782372762234870e-01 1.032972311779041443e-03
2.828431641752039427e-01 1.038497099874114609e-03
2.834429379262132231e-01 9.847700393223199691e-04
2.840439835076854491e-01 9.011800284407674427e-04
2.847133068649750909e-01 8.630697017396626348e-04
2.853170462854367484e-01 9.514796349288851592e-04
2.859220659456309099e-01 1.042086359451582008e-03
2.865958148303586750e-01 9.785718207599976379e-04
2.872035461410503143e-01 9.000735998267102604e-04
2.878153886946211992e-01 8.420557921596974037e-04
2.884964282362403321e-01 8.371693652662613771e-04
2.891081898300573161e-01 9.035275455178194996e-04
2.897240899312245044e-01 9.970616163073279126e-04
2.904096459131256802e-01 1.174343852764658802e-03
2.910254645176394428e-01 1.242313848440992040e-03
2.917140998607791746e-01 1.099361648566105640e-03
2.923355514485801443e-01 1.067451497724188330e-03
2.930272867684339810e-01 1.257141631370695123e-03
2.936515358970094303e-01 1.451622804574532717e-03
2.943463851485039751e-01 1.412326165237628040e-03
2.949734444113278342e-01 1.214159939890475590e-03
2.956743212211999650e-01 1.084566961085679923e-03
2.963042094456038722e-01 1.079070881792862802e-03
2.970053355525014704e-01 1.111946755524261801e-03
2.976380592962373783e-01 1.164575970720244580e-03
2.983423416085588253e-01 1.261035083942028869e-03
2.989808456713691220e-01 1.228176863194899333e-03
2.996883053350530846e-01 1.092251259985419290e-03
3.003974390162634789e-01 1.057376111480717298e-03
3.010373891096497778e-01 1.069654940465179218e-03
3.017497150433648967e-01 1.023165619533008587e-03
3.024666927295476815e-01 9.402649869400403352e-04
3.031110510466238916e-01 9.899421859914194800e-04
3.038282837568023753e-01 1.152787322680123242e-03
3.045472136098555938e-01 1.241207797834116729e-03
3.051960041535712875e-01 1.239706815887862837e-03
3.059181703578019440e-01 1.149069723510811984e-03
3.066420453787255807e-01 1.033439401527249096e-03
3.073676332598082594e-01 1.017187189065631549e-03
3.080949380540836668e-01 1.062818847438641925e-03
3.087482586220477443e-01 1.104270493525292543e-03
3.094788303037126487e-01 1.066900898367446806e-03
3.102111306914258626e-01 1.048399641964852360e-03
3.109421145091394445e-01 1.245010054569249680e-03
3.116778773746896047e-01 1.522305458432065368e-03
3.124123174452067553e-01 1.518574819932632389e-03
3.131515591599534076e-01 1.328719856765762193e-03
3.138894718252000504e-01 1.144819500229920465e-03
3.146291233133444165e-01 1.019874604528525370e-03
3.153705177217617783e-01 9.746835658813525786e-04
3.161136591574824628e-01 1.054882353002961756e-03
3.168585517372144444e-01 1.053215445522690929e-03
3.176051995873666600e-01 9.478981354147043761e-04
3.183536068440713795e-01 9.533940161073999053e-04
3.191006482770112895e-01 9.840139981165006364e-04
3.198494427006211560e-01 8.984051794915605188e-04
3.206031383085050646e-01 8.924025356700944749e-04
3.213554584415209692e-01 9.721315682253929471e-04
3.221853657193687881e-01 1.050256594366778514e-03
3.229382316608878090e-01 1.058855620733602796e-03
3.236960312715866372e-01 1.114556683886384425e-03
3.244556091178540935e-01 1.151139807469925584e-03
3.252137800456186834e-01 1.132086817932823498e-03
3.260504539887443820e-01 1.157154635253530850e-03
3.268123516667374995e-01 1.222863119176259821e-03
3.275760297074463145e-01 1.293706591561413072e-03
3.284187809844995587e-01 1.273558225332496957e-03
3.291829845930851484e-01 1.254292669665831635e-03
3.299522022050470071e-01 1.297124573163996059e-03
3.307978225463793498e-01 1.228321355826551267e-03
3.315675619898556525e-01 1.109984459963807551e-03
3.324140623284504992e-01 1.200767037798410172e-03
3.331875626295430215e-01 1.179982070225217344e-03
3.340381988705819483e-01 1.006882051991262600e-03
3.348154784044048426e-01 1.067022830736772060e-03
3.356669789155037886e-01 1.255980162958858721e-03
3.364447490196996737e-01 1.306356583396718575e-03
3.373037009396476216e-01 1.256360161718255309e-03
3.380819479504671987e-01 1.066875796374054707e-03
3.389417557253200930e-01 1.034085687785818008e-03
3.397237821528402701e-01 1.153386122477329445e-03
3.405877654295819124e-01 1.192702086183464573e-03
3.414505974238056796e-01 1.212610148034661169e-03
3.422350561468426866e-01 1.181013713937222563e-03
3.431020613242484196e-01 1.389652960415459085e-03
3.439678896935338681e-01 1.683728676539602339e-03
3.447581317184433836e-01 1.734711674316195655e-03
3.456281392311688627e-01 1.586160484259161287e-03
3.465003422340150463e-01 1.459524072367654208e-03
3.473713396443868229e-01 1.316450527470142259e-03
3.482445264796925066e-01 1.078541477483956589e-03
3.490411707779282335e-01 8.705091030740855045e-04
3.499151234958262080e-01 8.542957803671405144e-04
3.507947046369292998e-01 1.118797962644850919e-03
3.516730479706351997e-01 1.355082090994435802e-03
3.525535905593515928e-01 1.156250703022575644e-03
3.534328718421275717e-01 9.023681885437029662e-04
3.543178207960074322e-01 7.956384881978766435e-04
3.551980187540390022e-01 7.624987295098588965e-04
3.560838953354518721e-01 8.025559962471217343e-04
3.569719813247894669e-01 8.481088078237051511e-04
3.578587727605989643e-01 9.444634370564891851e-04
3.587442490122276784e-01 1.074275862796143528e-03
3.596354431235674332e-01 1.137627301118491249e-03
3.605253155211988747e-01 1.212080410348493394e-03
3.614173897954784942e-01 1.224878804862099485e-03
3.623116713946713530e-01 9.564463949118221127e-04
3.632865363664637415e-01 8.262835374627824263e-04
3.641818714507794597e-01 9.389338233243871594e-04
3.650758328778905271e-01 1.301951179959451614e-03
3.659755777593843851e-01 1.636910332370178573e-03
3.669567024388740162e-01 1.582432916415850476e-03
3.678538677831973969e-01 1.369275380465125643e-03
3.687568429019252858e-01 1.324572905126845859e-03
3.696584093748494504e-01 1.367389706333973186e-03
3.706421374552961168e-01 1.188520154078626361e-03
3.715483132484096451e-01 8.787906035133430946e-04
3.725334173218600720e-01 7.806871139074109166e-04
3.734405547883492549e-01 8.724394306010218800e-04
3.743499011798498977e-01 1.091983291738998123e-03
3.753387523437862194e-01 1.252796918471387301e-03
3.762490311185531788e-01 1.418701593972266414e-03
3.772428988641539638e-01 1.464585717212543063e-03
3.781540871066005893e-01 1.320638631495418087e-03
3.791529870876186314e-01 1.197925034242170372e-03
3.800650616897949252e-01 1.265046891450832562e-03
3.810615354674442568e-01 1.293250092745814196e-03
3.820606218503804774e-01 1.253154893590113393e-03
3.829796909373949787e-01 1.403854409548712821e-03
3.839800407977569940e-01 1.492113137435541019e-03
3.849830035899971525e-01 1.238957005723712035e-03
3.859015336328546208e-01 1.100816651114007016e-03
3.869057210678122916e-01 1.120711799946909641e-03
3.879125215849079655e-01 1.198045833423515326e-03
3.888380411578598594e-01 1.204647844873966674e-03
3.898422236348776382e-01 1.103302178452346231e-03
3.908528324368250595e-01 1.194768447887225270e-03
3.918622181549947237e-01 1.235152476984320742e-03
3.928742106331608586e-01 1.029078874295247421e-03
3.938849538277349183e-01 8.593688217879743695e-04
3.948131072651928086e-01 8.435983001615489189e-04
3.958288386379744117e-01 9.200967181041900655e-04
3.968432913841641319e-01 1.031634722042484853e-03
3.978603440277684866e-01 1.253597239372956310e-03
3.988760915089508696e-01 1.433320339304289389e-03
3.998944322190413070e-01 1.353807383648588649e-03
4.009153727786185506e-01 1.156126346138504086e-03
4.019349781040812419e-01 1.111277953495304772e-03
4.029571764830666702e-01 1.268517058738979214e-03
4.039780127533687537e-01 1.481419000492586752e-03
4.050888236243166962e-01 1.466580780366199491e-03
4.061110774522905253e-01 1.259425459181091151e-03
4.071359109685398492e-01 1.036680103738067942e-03
4.081633306829853813e-01 1.166907336055860236e-03
4.091893302584591607e-01 1.427790745585984841e-03
4.102179088875855251e-01 1.453868953752503711e-03
4.113337756854639760e-01 1.332678204925026718e-03
4.123637008098336443e-01 1.199597171285567273e-03
4.133921506498792753e-01 1.101860556497412900e-03
4.144231654806636023e-01 1.059539169205556000e-03
4.155423209631361470e-01 1.119811870179314743e-03
4.165786983956973888e-01 1.169734725798748107e-03
4.176135651118664804e-01 1.141850822852022657e-03
4.186468970361112985e-01 1.101930926133412895e-03
4.197692254854263338e-01 1.053480982143051000e-03
4.208078913184996050e-01 1.017135906187371843e-03
4.219318752358338087e-01 1.083541260681501923e-03
4.229717442463073462e-01 1.141726095928930406e-03
4.240100178501190475e-01 1.117634700369329317e-03
4.251383854196686407e-01 1.037804452603538225e-03
4.261819775024799917e-01 1.053374759462203996e-03
4.273119344612353876e-01 1.237853943764133163e-03
4.283524603512734452e-01 1.470653208404548544e-03
4.294839601263725215e-01 1.523047565967482328e-03
4.305297750073236451e-01 1.336041967042414947e-03
4.316627929357257365e-01 1.172391625196508988e-03
4.327096698590713886e-01 1.209943438458675182e-03
4.338441699297507226e-01 1.320438896176942501e-03
4.348920722438414099e-01 1.524660977471379610e-03
4.360280181804962463e-01 1.712552112002263364e-03
4.371669312284262032e-01 1.715374968235545538e-03
4.382185617534752331e-01 1.538715665174351542e-03
4.393588878085065152e-01 1.189499289280377759e-03
4.404978613016624078e-01 9.880075498322135608e-04
4.415488441129736263e-01 1.041981285692634030e-03
4.426934947467341397e-01 1.180259731772444632e-03
4.438367600733227891e-01 1.194627902225921115e-03
4.448913461670811476e-01 1.155413495338002920e-03
4.460359132786219094e-01 1.289235509245771757e-03
4.471790395821062525e-01 1.395222423790105437e-03
4.483250955549440975e-01 1.503996205594215979e-03
4.494740887054594070e-01 1.508197875838445572e-03
4.505332327941737325e-01 1.352011174489998807e-03
4.516834554873097596e-01 1.418129488738979370e-03
4.528321738650721295e-01 1.504881125005953736e-03
4.539838136558181358e-01 1.445852500189968078e-03
4.551339188534840874e-01 1.232788350713478077e-03
4.562824629841910618e-01 1.097899343545457760e-03
4.574383914919852856e-01 1.210879171542807945e-03
4.585882537167246253e-01 1.103250262181148600e-03
4.597455149653355000e-01 9.948839777188295177e-04
4.608966566528615583e-01 1.062883151157394471e-03
4.620552119137464886e-01 1.056912412692682674e-03
4.632121367755643315e-01 9.403487411563379384e-04
4.643674044362203768e-01 1.119375344704889343e-03
4.655255533758020925e-01 1.367113971925567250e-03
4.666865907803222080e-01 1.255937947969836899e-03
4.678459357529310969e-01 1.086022459430951688e-03
4.690035613221871791e-01 1.135896453567669705e-03
4.701640512894343926e-01 1.404515169163219083e-03
4.713274127422634185e-01 1.544285507295729137e-03
4.725817004826207146e-01 1.397029083695448511e-03
4.737417522164070194e-01 1.396371845938916122e-03
4.749046515425222048e-01 1.488431475152201351e-03
4.760704054509840022e-01 1.322059843129560737e-03
4.772343407773860235e-01 1.018050839048367188e-03
4.784902703217265851e-01 8.327282326859776094e-04
4.796601219289473583e-01 8.271115827367766420e-04
4.808281182684721045e-01 9.152756488354838295e-04
4.820840499858712325e-01 9.899488407527853601e-04
4.832532095134062233e-01 1.084074941025882192e-03
4.844204538643510083e-01 1.232954106579751399e-03
4.856810058202545299e-01 1.269711459089161191e-03
4.868541142430122814e-01 1.188620028897637796e-03
4.881162121464428516e-01 1.263134917651492512e-03
4.892856057786705293e-01 1.594847653237359102e-03
4.904578009598594135e-01 1.775711855526885792e-03
4.917244186189084210e-01 1.497967363038539557e-03
4.928976227528475418e-01 1.279457745093962127e-03
4.941608489207855448e-01 1.173258880908199624e-03
4.953398661280519200e-01 1.047174057246723963e-03
4.966044812848558476e-01 1.224446592699526956e-03
4.978723250360133634e-01 1.688886530616641674e-03
4.990504091598861880e-01 1.780702535859151866e-03
5.003195908610694742e-01 1.445609532401410978e-03
5.014985476695803523e-01 1.136186654635657281e-03
5.027690248737168854e-01 1.237770733672134346e-03
5.040377776269165944e-01 1.506677846970254668e-03
5.052155867901818587e-01 1.535951188470617394e-03
5.064905135159494254e-01 1.314019123817052785e-03
5.077636779890520868e-01 1.115879884625476564e-03
5.090350507770800004e-01 1.172825172889890508e-03
5.103096069136539015e-01 1.334202059737187463e-03
5.114920394467071807e-01 1.407326868924383377e-03
5.127677189139361325e-01 1.305544520539428464e-03
5.140465799714489803e-01 1.286076043713417797e-03
5.153185231888371964e-01 1.434935158113265349e-03
5.165986798313332296e-01 1.696510389737753820e-03
5.178769378968954840e-01 1.394823865786334448e-03
5.191532675855611290e-01 1.129534546061412414e-03
5.204327428429036395e-01 1.191560102124163221e-03
5.217153714213099702e-01 1.238727987531491274e-03
5.230832311364506104e-01 1.187801303072559284e-03
5.243672495581852555e-01 1.056846694074468863e-03
5.256492649046147214e-01 1.086661451971197932e-03
5.269292471028707014e-01 1.458249143199594981e-03
5.283055958002909058e-01 1.966086478671207841e-03
5.295868527114002688e-01 2.247011968036277587e-03
5.308712169514594459e-01 2.250602319206449452e-03
5.322474227394046187e-01 1.902283619738094449e-03
5.335330071602985003e-01 1.425465099839481192e-03
5.348164518958696823e-01 1.330462762552672403e-03
5.361976267104930916e-01 1.409480789616278677e-03
5.374822103294911724e-01 1.345211808880319732e-03
5.388649849468927222e-01 1.348425902552321826e-03
5.401506616471681843e-01 1.440347175825898354e-03
5.415349906009392367e-01 1.436793241650863610e-03
5.429122188087635026e-01 1.414416424050303923e-03
5.442022148784728675e-01 1.400366983576990364e-03
5.455862263534458911e-01 1.114388116703128291e-03
5.469683935933988828e-01 1.115581746337452815e-03
5.482626506716690162e-01 1.558233009746187812e-03
5.496462079576236448e-01 1.800200735439471973e-03
5.510278528375828211e-01 1.477068505400734068e-03
5.524183881943565133e-01 1.011915209961989368e-03
5.538015704438982167e-01 8.876176745696731738e-04
5.551882159980225939e-01 9.787823491121763232e-04
5.565783335283844835e-01 1.244528907365753667e-03
5.579664598279739929e-01 1.487756239625314617e-03
5.593525626705784237e-01 1.636415232386513249e-03
5.607421088762314376e-01 1.510912400833558291e-03
5.621351069989519722e-01 1.346116411514605010e-03
5.635205128233889971e-01 1.286292198245643503e-03
5.649148730274481389e-01 1.371624604642397455e-03
5.663071297032173934e-01 1.481020709294976045e-03
5.676972503257401437e-01 1.447262518872050518e-03
5.691800857828923643e-01 1.318553996325232472e-03
5.705716631658630522e-01 1.288607327035502835e-03
5.719666427894622984e-01 1.386760037878506657e-03
5.734550061823130429e-01 1.463134231665256472e-03
5.748513977468432401e-01 1.528766216962410256e-03
5.762455384337468178e-01 1.507741706231030196e-03
5.777337047418368288e-01 1.358365423857694869e-03
5.791291562151736905e-01 1.391335490493065923e-03
5.806190754757956096e-01 1.488006291133243866e-03
5.820157884922176894e-01 1.240665567053728796e-03
5.835074117832173002e-01 1.136440641388404907e-03
5.850028578915460464e-01 1.321615550275480073e-03
5.863986148343725002e-01 1.601589368988144560e-03
5.878899399147385907e-01 1.823279921467592900e-03
5.893850577231890542e-01 2.006510063158033035e-03
5.907854763943266585e-01 1.970088605398546446e-03
5.922821496823786891e-01 1.715778613070303559e-03
5.937767914978114847e-01 1.542729107708233887e-03
5.952693673619476877e-01 1.554727836558233598e-03
5.967656951118804898e-01 1.849481305056241377e-03
5.982657841787192288e-01 1.962257362404916643e-03
5.997578804734102764e-01 1.571461141289274025e-03
6.012595945220775562e-01 1.326934632832514139e-03
6.027591574869985980e-01 1.178495709563534772e-03
6.042565345548890354e-01 1.052735879042276208e-03
6.057516908902007557e-01 1.171131306591296356e-03
6.072565020233183786e-01 1.499503804503253199e-03
6.087531114404419741e-01 1.743011016526720136e-03
6.102534093149803995e-01 1.884591339706165238e-03
6.118474022269789758e-01 1.784207353986080142e-03
6.133493110800750658e-01 1.499176234076035966e-03
6.148549066861016543e-01 1.191680259463516944e-03
6.164488278750990258e-01 1.162327396324688671e-03
6.179559716913656242e-01 1.177505842762210627e-03
6.194607253282120585e-01 1.319329805481156328e-03
6.210544051765849449e-01 1.389723025195558357e-03
6.225605982874151678e-01 1.198529151975495166e-03
6.241622531451237466e-01 1.113221956039708947e-03
6.257618918019474119e-01 1.543221797787747542e-03
6.272671984933347877e-01 1.767613247926282495e-03
6.288686274531745113e-01 1.356335203973888523e-03
6.303752255749982547e-01 1.086639537432580347e-03
6.319783916810558511e-01 1.042717024551851951e-03
6.335794215222558812e-01 1.104602735903895865e-03
6.351845073511073192e-01 1.413394661367490613e-03
6.367874145562476551e-01 1.601777792878615169e-03
6.382942047625849158e-01 1.499831446504698964e-03
6.398986839842187857e-01 1.539129472288066052e-03
6.415009052717560722e-01 1.632871395321308823e-03
6.431071383085260607e-01 1.818781133305741879e-03
6.447173931394151181e-01 1.968599260555319638e-03
6.463190030490545412e-01 1.638837145571215214e-03
6.479309457928000837e-01 1.234115021844163452e-03
6.496297238765825766e-01 1.160687703657096656e-03
6.512371504275856759e-01 1.331312698517496743e-03
6.528485543521942436e-01 1.662946852080597702e-03
6.544575273169027652e-01 1.904842903490106204e-03
6.561605473061168370e-01 1.849201586798220227e-03
6.577647815371390205e-01 1.760705215757128956e-03
6.593794043091728563e-01 1.939471359638998390e-03
6.610822655866905873e-01 1.866687113822370269e-03
6.626920339018568251e-01 1.427095052099473143e-03
6.643057220832233600e-01 1.218718797475366270e-03
6.660147741653899001e-01 1.465398192896340311e-03
6.677216748525148793e-01 1.560775266285185448e-03
6.693344822537522498e-01 1.497564622682970997e-03
6.710433100487896985e-01 1.411875264990078861e-03
6.726575438301377607e-01 1.337996837972371547e-03
6.743616286766396239e-01 1.394894191277816975e-03
6.760766607122563610e-01 1.661326699483424820e-03
6.777827604960847685e-01 1.877699430097794220e-03
6.794931656740227366e-01 2.178518137787870471e-03
6.811076872904957558e-01 2.206707065930851516e-03
6.828197867013923172e-01 1.932703535493528234e-03
6.845294767276209891e-01 1.840829682152117768e-03
6.862434475905252462e-01 1.634930830742159892e-03
6.879549633289887556e-01 1.168771859778515399e-03
6.896707476490074873e-01 1.106806600417056027e-03
6.913840308884197094e-01 1.519851405360062154e-03
6.931967364657297681e-01 1.921723857576074571e-03
6.949119640766440176e-01 1.877320791631288547e-03
6.966246040995071054e-01 1.464487265926845425e-03
6.983414649963793908e-01 1.203413522631047563e-03
7.001518128461065027e-01 1.425632803050457106e-03
7.018636004713929566e-01 1.864805783563028242e-03
7.035864731213005152e-01 1.812739081240268913e-03
7.053965823630237164e-01 1.469096948462341031e-03
7.071142582515252961e-01 1.337569668158261399e-03
7.089264910429046163e-01 1.388392398243526275e-03
7.106457932296269542e-01 1.545791519434221899e-03
7.124600898422985829e-01 1.510658500076264262e-03
7.141809579064323232e-01 1.580891205809660397e-03
7.159902365790523637e-01 1.420061269075801160e-03
7.178111382150652586e-01 1.234032063087176249e-03
7.196225562078834015e-01 1.322682104060864464e-03
7.213465760496677870e-01 1.862362888592112653e-03
7.231598238971848058e-01 2.203742207501351025e-03
7.249776297031998995e-01 2.275551711857920056e-03
7.268000049250472605e-01 1.827329131343289476e-03
7.286126701701758357e-01 1.678219883017785302e-03
7.304370194925521309e-01 1.681155659537417234e-03
7.322515744917437175e-01 1.494547519429016442e-03
7.340706372167995486e-01 1.592945788273956434e-03
7.358942188658332828e-01 1.815208399973663794e-03
7.377150959942316844e-01 1.742835268405905878e-03
7.396275142089389076e-01 1.543403354846397324e-03
7.414503576025306408e-01 1.490884905934247370e-03
7.432704043203254285e-01 1.557997340306390907e-03
7.450949187277248198e-01 1.384640838268063386e-03
7.470118162945112994e-01 1.401308675921606644e-03
7.488308273548948124e-01 1.999609119132860977e-03
7.507499737512404181e-01 2.310581158609019067e-03
7.525780874116240193e-01 1.998097457412730850e-03
7.544994382276982714e-01 1.813013284021440952e-03
7.563218476596996753e-01 1.828373565297566677e-03
7.582378844476569402e-01 1.692950212236457499e-03
7.601587752497933614e-01 1.504425958583164875e-03
7.619873814750861563e-01 1.359530177636680175e-03
7.639102795462092699e-01 1.282126824130536786e-03
7.658305197137982301e-01 1.308531884960746107e-03
7.677555867863260497e-01 1.217695145655523208e-03
7.695798258716520790e-01 1.297975025209016338e-03
7.715067515089945038e-01 1.733196362199298981e-03
7.734309169814295171e-01 1.942505019997224983e-03
7.753522776182614207e-01 1.806626012970193474e-03
7.772784113080136725e-01 1.698421725823517697e-03
7.792016883840721109e-01 1.694060185017714527e-03
7.811220640091806056e-01 1.824506006318401359e-03
7.830548517174928946e-01 1.888554527541377957e-03
7.849770254653485324e-01 2.135562177618740599e-03
7.869039175952036169e-01 2.384829751760593215e-03
7.889283767171482165e-01 2.183723237322962325e-03
7.908572124463770781e-01 1.706375375353876012e-03
7.927829892349689267e-01 1.692523493306157456e-03
7.948069841782382516e-01 1.816948084823288021e-03
7.967345653917853321e-01 1.905931641458458430e-03
7.986589890735076303e-01 1.981011658626438514e-03
8.006901333343130478e-01 1.712034133402024318e-03
8.026162401030797477e-01 1.519238510480323389e-03
8.046416663207138775e-01 1.254503482274163875e-03
8.065693688173857234e-01 1.300027125005546536e-03
8.085968410761306124e-01 1.436165567926897665e-03
8.105340190953481683e-01 1.560355639528809716e-03
8.125555199710395859e-01 1.353875641133968225e-03
8.145820625423216832e-01 1.147531657107085136e-03
8.165175644940758648e-01 1.447335488262982894e-03
8.185459611785834699e-01 2.667402902179188268e-03
8.205713495850182060e-01 3.117705958736461877e-03
8.226017495587828465e-01 2.639265857693896822e-03
8.246371735003662495e-01 1.586427074854009989e-03
8.266614198516041290e-01 1.210289168592306158e-03
8.286906351436346130e-01 1.145675986960798540e-03
8.307248315737738587e-01 1.122479873550986332e-03
8.327558546470777978e-01 1.397663141644111531e-03
8.347918433294112539e-01 1.429663604443556042e-03
8.368163965938593130e-01 1.273815090400843252e-03
8.388540862899405148e-01 1.399331852895492265e-03
8.408802449873130636e-01 1.581077194601281880e-03
8.429195639607820478e-01 1.983876895741003375e-03
8.450466968281458158e-01 2.267306275521733215e-03
8.470795058948771272e-01 1.993636333992263553e-03
8.491172050022621764e-01 1.812464919929926465e-03
8.512432816695840732e-01 1.629362615463867672e-03
8.532826289567472244e-01 1.471221777502744899e-03
8.554107463966212910e-01 1.580120913861652330e-03
8.574432600564910745e-01 1.574818765754717196e-03
8.595817542593552352e-01 1.425968268664603265e-03
8.616157287683627874e-01 1.580891205809660397e-03
8.637476878648766565e-01 1.757157970212428703e-03
8.658764306932699162e-01 1.979780213852266185e-03
8.679167883605320988e-01 1.803986454658976961e-03
8.700472736799840234e-01 1.378325814362582483e-03
8.721829887262453340e-01 1.498269489381436189e-03
8.743153720461116496e-01 2.019636624986333954e-03
8.764529687887129272e-01 2.054348501503852446e-03
8.785871755165804986e-01 1.944432059841583356e-03
8.806315759250289421e-01 1.867157742875122026e-03
8.827673005922755944e-01 2.045219684985119003e-03
8.848995267721131430e-01 2.336941549370013822e-03
8.871325973380244090e-01 2.345637320151118099e-03
8.892666464906103796e-01 2.082470068305497003e-03
8.914058292227753366e-01 1.720658682989065387e-03
8.935413950460039390e-01 1.827482687145978637e-03
8.956820771038770390e-01 1.965062449357538217e-03
8.979159402861122130e-01 1.623840654142111447e-03
9.000582758163110375e-01 1.587573925078081304e-03
9.021968750190699771e-01 1.571223471207515562e-03
9.044292470270562934e-01 1.798900285372740391e-03
9.065693413514629428e-01 1.972043009222695670e-03
9.088036199619372590e-01 2.245766134245789133e-03
9.109451315775615177e-01 2.347688081813555615e-03
9.131812390658361478e-01 2.048281056288498488e-03
9.153240896781734692e-01 1.934295749188564856e-03
9.175619478413458152e-01 1.680025907440757657e-03
9.198052773006579752e-01 1.416628809922538396e-03
9.219455888565383228e-01 1.444492406351188720e-03
9.241815090640460584e-01 1.430000018545464491e-03
9.264228518683261804e-01 1.210838472451818441e-03
9.286605231742615096e-01 1.286746241023843749e-03
9.309035993262273490e-01 1.621522654409554998e-03
9.331429421744581454e-01 1.785317150319398445e-03
9.353784987640222370e-01 1.545168163950875855e-03
9.376194111388997943e-01 1.472928804023965980e-03
9.398656921300957423e-01 1.591340346692036306e-03
9.420988764403752658e-01 1.840922494768324012e-03
9.443466279340341218e-01 1.857955004476560725e-03
9.465904592501747095e-01 2.018856115214039994e-03
9.488303170124461339e-01 2.066954166095787051e-03
9.511687495907088508e-01 1.658314068532724126e-03
9.534100907131756175e-01 1.399284819685452964e-03
9.556567133485488474e-01 1.556688714546276830e-03
9.579931799632420697e-01 1.684804288422535453e-03
9.602411852709279438e-01 1.774906293597848647e-03
9.625794204882872629e-01 1.858798259031956305e-03
9.648192639725188258e-01 1.902091812131459806e-03
9.671686470400350233e-01 1.875334191982921299e-03
9.695047352799972540e-01 1.903178977677431362e-03
9.717511635745329501e-01 1.971645346354548075e-03
9.740983203732398454e-01 1.878393798975299886e-03
9.764415706397338024e-01 1.864210424353422019e-03
9.787808589619299005e-01 1.784207353986080142e-03
9.810295391181436120e-01 1.713415757948823096e-03
9.833701751883276998e-01 2.064489311411094475e-03
9.857163957766074125e-01 1.943778611910368251e-03
9.880585244529341837e-01 1.917497701773482202e-03
9.904062181850513680e-01 2.140017177607172159e-03
9.927497544355232684e-01 1.849046206046333881e-03
9.950890773473541895e-01 2.016821422270224668e-03
9.975415166033734238e-01 2.438448351057211257e-03
9.998823251507238385e-01 2.554218071547301964e-03
1.002228626586905147e+00 2.188499372975737101e-03
1.004580433801407491e+00 1.762155732562198677e-03
1.007016761627206103e+00 1.728019345662001102e-03
1.009369905820068691e+00 1.808114360575938887e-03
1.011807926504438848e+00 1.711171183862301732e-03
1.014152375037821852e+00 1.500209583926729847e-03
1.016601947244392345e+00 1.337816960372900914e-03
1.018947511270023698e+00 1.241291238985407904e-03
1.021398648878403925e+00 1.384198776857527638e-03
1.024036432522718032e+00 1.697337420303241364e-03
1.025996600550412641e+00 1.669471334570317477e-03
1.028928754089908582e+00 1.319351978163070364e-03
1.030888177017796892e+00 1.381944135547050981e-03
1.033824171421200644e+00 1.780014364673509824e-03
1.035782759074462822e+00 2.323157786941383324e-03
1.038712320247872745e+00 2.765545604083415997e-03
1.040680168535780270e+00 2.890037103808478988e-03
1.043613346748269999e+00 2.889794265958146782e-03
1.045580226206113572e+00 2.571662350588008444e-03
1.048516932669331769e+00 2.143472591544571138e-03
1.050462148311307908e+00 2.176505413096781194e-03
1.053402235989489233e+00 1.995882420482568941e-03
1.055366864615210787e+00 1.923048460392048171e-03
1.058310301162874945e+00 2.141420267196813502e-03
1.060263287671402654e+00 1.996620493154758081e-03
1.063209953674290276e+00 1.858017454655925323e-03
1.065161536019338939e+00 1.858485897914683794e-03
1.068111340331044046e+00 2.081840204301090534e-03
1.071048306331088718e+00 2.173654191712393480e-03
1.073003753617957967e+00 1.794371181660308874e-03
1.075954172196343483e+00 1.568347874742323815e-03
1.077918576280062268e+00 1.716413104006663925e-03
1.080861309234899537e+00 1.671043262305062964e-03
1.082813434327124735e+00 1.790966789189195937e-03
1.085758882425524208e+00 1.921885345643238770e-03
1.088701665927110485e+00 1.742425258368155132e-03
1.090667951353228915e+00 1.788350109677451548e-03
1.093602590410088560e+00 1.924341635705889390e-03
1.095566983237133085e+00 1.653221798580237602e-03
1.098514804023857483e+00 1.539491644800210441e-03
1.101459754590261797e+00 1.729355742736743114e-03
1.103416618698035645e+00 2.372278043376412071e-03
1.106363860323305248e+00 2.597812272870245621e-03
1.109308095241245296e+00 2.237478209421110004e-03
1.111278902787316225e+00 1.884242977576004252e-03
1.114214363523423845e+00 2.084255718057091353e-03
1.116182941340739587e+00 2.150580870856131591e-03
1.119131356171976011e+00 2.088568587027050082e-03
1.122076555236914741e+00 1.936149566639830833e-03
1.124036977200433496e+00 1.844948872933366985e-03
1.126984034127762158e+00 1.762807373649368089e-03
1.129938817797812689e+00 1.482415197166956971e-03
1.131890775511273484e+00 1.396935173651243966e-03
1.134847294632317372e+00 1.526660902758247276e-03
1.137800377982718603e+00 1.485482701048110397e-03
1.140738771557874287e+00 1.534067994293549040e-03
1.142709386080638101e+00 2.304531402660447807e-03
1.145660457273180777e+00 3.100567421070246198e-03
1.148607885429931974e+00 2.669959325131416109e-03
1.150569526701113121e+00 1.953734762595396492e-03
1.153518271972075349e+00 1.831356556046088643e-03
1.156463233179799044e+00 1.900174799443203394e-03
1.159415712947675425e+00 1.980911783224138020e-03
1.161384422747767653e+00 1.876216865491897329e-03
1.164338047933392239e+00 2.188720062021440836e-03
1.167287737328670083e+00 2.267763570500350417e-03
1.170233423035708098e+00 2.079427489964882046e-03
1.172209005819450534e+00 2.600127205024206634e-03
1.175155585906213052e+00 3.129517327725254983e-03
1.178109572807088501e+00 3.036010064819156130e-03
1.181059402653354518e+00 2.643749535050637402e-03
1.183030058066919743e+00 2.320426404446141073e-03
1.185980577406034353e+00 2.069665427133256328e-03
1.188926795804400083e+00 1.717884871922777503e-03
1.191880333212044230e+00 1.453429216473669724e-03
1.194841207810884542e+00 1.474712160793989002e-03
1.196799647946592549e+00 1.824506006318405045e-03
1.199760977238702342e+00 2.046732599625027040e-03
1.202706044304044930e+00 2.324798159454224446e-03
1.205658340659374161e+00 2.558213299458979469e-03
1.208617884050511737e+00 2.360268345057347714e-03
1.210587033197872309e+00 2.541757136343254786e-03
1.213534873051152152e+00 2.474321515295131897e-03
1.216489891041617977e+00 2.397971714187449675e-03
1.219440145766500727e+00 2.473864142974875526e-03
1.222397555505992273e+00 2.134055329602119189e-03
1.225350120772365381e+00 1.777592922145771782e-03
1.228309817631577205e+00 1.878741079699114891e-03
1.230274854235427151e+00 2.096516322401860942e-03
1.233234352080514684e+00 1.957020945965547067e-03
1.236200969170107022e+00 1.944301352683923574e-03
1.239150418155136490e+00 1.768237190161930450e-03
1.242106904223563735e+00 1.556479436451481228e-03
1.245058234050185231e+00 1.772610956962549769e-03
1.248016576435641456e+00 2.383227124188930322e-03
1.250969679954545555e+00 2.572094577340968465e-03
1.253929771217489275e+00 2.534250147064557191e-03
1.256884540665207606e+00 2.347648627185879543e-03
1.259846272753649243e+00 2.088217614233649471e-03
1.261812262627469483e+00 2.169457279460065401e-03
1.264773202979673661e+00 2.652427700801962638e-03
1.267741091408091991e+00 2.779010250699822174e-03
1.270691021110352592e+00 2.557654451244726398e-03
1.273647815057454835e+00 2.494571756968916917e-03
1.276598969791312266e+00 2.263955595451247992e-03
1.279569511051183994e+00 1.902635317253669476e-03
1.282521809363764920e+00 1.763755645425693023e-03
1.285480919393295451e+00 1.917078819514251827e-03
1.288446856856170886e+00 2.234847562097431843e-03
1.291406972854375113e+00 2.033361582399111599e-03
1.294361195888477090e+00 2.221628634293362856e-03
1.297322177004205823e+00 2.770709412814989763e-03
1.300289931661350096e+00 2.442016241822075797e-03
1.303238913859942061e+00 1.880004460022287197e-03
1.306207393849979859e+00 1.671773588926718035e-03
1.309169796509832340e+00 1.523047565967485363e-03
1.312126049887398782e+00 1.480498114601497359e-03
1.315088978819240584e+00 1.583044700656421801e-03
1.318045672486773956e+00 1.809847246540730167e-03
1.321009013641727625e+00 2.308795607016024456e-03
1.323966033276639420e+00 2.137537040028179239e-03
1.326929672067840071e+00 2.059810720835822482e-03
1.330878460793178508e+00 2.161160388798262326e-03
1.333844491914836228e+00 2.081840204301092703e-03
1.336804023359000393e+00 2.284863675684647814e-03
1.339770121405510661e+00 2.490257374918574112e-03
1.342729632659386496e+00 2.060295414837682183e-03
1.345695681383177522e+00 1.731449569853956913e-03
1.348655055943199121e+00 1.806109933780950753e-03
1.351607683554410855e+00 1.788320055136444382e-03
1.354580059440858353e+00 2.106051063671152829e-03
1.357545658737340677e+00 3.035244819061855975e-03
1.361492090575954217e+00 3.346676784269338959e-03
1.364459441403634177e+00 3.066881702079376441e-03
1.367419849427766732e+00 2.526383177727032411e-03
1.370386680519822598e+00 2.311590994182819488e-03
1.373359948615650250e+00 1.977618718263497288e-03
1.376312672930561698e+00 1.672082669345495995e-03
1.379271745603664945e+00 2.012149407332895681e-03
1.383227074653364141e+00 2.377586446397932183e-03
1.386187419142831168e+00 2.229895325161074249e-03
1.389167722523349191e+00 2.140592692857722339e-03
1.392127128624377486e+00 2.363642396833763332e-03
1.395092839280520414e+00 2.968004529150741234e-03
1.399038656856119500e+00 3.218648034127035134e-03
1.402019091449829835e+00 3.130622002653583522e-03
1.404978318402972493e+00 3.602499865456540527e-03
1.407943791365325881e+00 3.581432142286210870e-03
1.410915523520277937e+00 2.659256662224826224e-03
1.414864466709068846e+00 2.103680997782774072e-03
1.417836901729085497e+00 2.303060144913589378e-03
1.420787714348652475e+00 2.538342115750913484e-03
1.423758630689474058e+00 2.568163989728530511e-03
1.427729518282341292e+00 2.285593375837727086e-03
1.430686888938792922e+00 1.825364756255153879e-03
1.433650385434269037e+00 1.561824826962614123e-03
1.436620020457711533e+00 1.874861502003873168e-03
1.440570267960710860e+00 2.814023242930755939e-03
1.443540080092665656e+00 3.096922022713395183e-03
1.446516014650089721e+00 2.547059500344489753e-03
1.450479248334700877e+00 2.703007767297039600e-03
1.453426727268317009e+00 2.922615285881417432e-03
1.456408760873553865e+00 2.561568953956855962e-03
1.460370455731794470e+00 2.154487794530285816e-03
1.463338034315553982e+00 2.058876275817302440e-03
1.466297263458310240e+00 2.367578255593909709e-03
1.470257019471057580e+00 2.605201049855138378e-03
1.473230240502243049e+00 2.285516554322453413e-03
1.476194997275638077e+00 2.165923576002613815e-03
1.480152450809651299e+00 2.009986350825131596e-03
1.483116593251177395e+00 2.072240936585864352e-03
1.486086671662615988e+00 2.467884515330352226e-03
1.490056030491605288e+00 2.242221180345606475e-03
1.493025363874641798e+00 2.348201052317257578e-03
1.495985943516539018e+00 2.954666769159441757e-03
1.499952323645944219e+00 2.643793965955832433e-03
1.502926639033111744e+00 2.211942342888672912e-03
1.506881865653775465e+00 2.581882298551887393e-03
1.509855114965055867e+00 3.057875165921980845e-03
1.513813729375502071e+00 3.309649715379928050e-03
1.516785781132656608e+00 3.447839711680745003e-03
1.519748763915006462e+00 3.011111544630277418e-03
1.523718375097382172e+00 2.141456255946735943e-03
1.526694900435846325e+00 2.070152440045775876e-03
1.530652633104932159e+00 2.324055942754283711e-03
1.533627664174454397e+00 2.488583899012530160e-03
1.537588290099962895e+00 2.005060576945656963e-03
1.540546585554494863e+00 1.720022622627855394e-03
1.544509932944399200e+00 1.748144807440766245e-03
1.547496721468664349e+00 1.824966000672650435e-03
1.551447519583039503e+00 1.994541169102045149e-03
1.554417236018851511e+00 2.143184427407444741e-03
1.558385702381214655e+00 2.342288970257977790e-03
1.561368699598509879e+00 2.538171485215666347e-03
1.565324211233209084e+00 2.401399663699627617e-03
1.568289729701653812e+00 2.201743180303487781e-03
1.572262774808814934e+00 2.089516508247438956e-03
1.575225990413271937e+00 2.676383596056968600e-03
1.579185633712768544e+00 3.105104111733667915e-03
1.582177412750152223e+00 2.607873163424281188e-03
1.586138974783043665e+00 2.437178293702951196e-03
1.589097174346104646e+00 2.959686260640743798e-03
1.593076062542670313e+00 3.284604013438485130e-03
1.597033589415264521e+00 3.190910754734501385e-03
1.600012107780622861e+00 3.326042922130423209e-03
1.603971135284206762e+00 3.638459163774373107e-03
1.606946833286232224e+00 3.649421046130900664e-03
1.610907221944896328e+00 3.213891438188364036e-03
1.614877371149461061e+00 3.020944814167629382e-03
1.617857436367873047e+00 2.768521759326456229e-03
1.621828809618595546e+00 2.429816828005716516e-03
1.624789834557236912e+00 2.335096383540165819e-03
1.628762251797978067e+00 2.580147249852745347e-03
1.632728369182106842e+00 2.251283242452231659e-03
1.635709293796655084e+00 1.915339826320029389e-03
1.639660167573353311e+00 2.044532366256104385e-03
1.643636703007152589e+00 2.580364067160148892e-03
1.646605247096045721e+00 3.681515175416633697e-03
1.650566251959076247e+00 4.201403348436653050e-03
1.654536785250096731e+00 3.225362461412301877e-03
1.657525015790778156e+00 2.441072499013464958e-03
1.661479700827765527e+00 2.194281403184820782e-03
1.665443821338481234e+00 2.101949354782437895e-03
1.668435388773646944e+00 2.243842113260742163e-03
1.672383303016679257e+00 2.628200324794024816e-03
1.676356998603551807e+00 2.688917006816016371e-03
1.680323657256158842e+00 2.895336043293674291e-03
1.683308936600796502e+00 2.923597793303090320e-03
1.687275498310317312e+00 2.678273379914728261e-03
1.691234821147954426e+00 2.671754768958929660e-03
1.695203434843752133e+00 3.265340494658147599e-03
1.698198495746681136e+00 3.425200329123712431e-03
1.702166757329673930e+00 3.668360191474833668e-03
1.706127559980685993e+00 3.530101101054695760e-03
1.710097579095110953e+00 3.154493563806455049e-03
1.713068554778810926e+00 2.675708996451541671e-03
1.717037886265183166e+00 2.687155189428992556e-03
1.721016415043984837e+00 2.582055867580258270e-03
1.724987245713343720e+00 2.012149407332895681e-03
1.728950282539863048e+00 1.933255787632228362e-03
1.732922424164650144e+00 2.199561130890135587e-03
1.735899006147958223e+00 2.766242853289437292e-03
1.739870049309899747e+00 2.982254405726391874e-03
1.743833075100271079e+00 2.704098221237640886e-03
1.747805127756425492e+00 2.579713669891191968e-03
1.751786227839496446e+00 2.725404416736195313e-03
1.755759177468535936e+00 3.093696820691631787e-03
1.759723880146845332e+00 3.157676010068043073e-03
1.762694638060031682e+00 2.863591268861319459e-03
1.766675001792280320e+00 2.750389171585246664e-03
1.770646989144101013e+00 2.867588444728705593e-03
1.774627906652009646e+00 2.247465169838331906e-03
1.778582889586630689e+00 1.975592384358237918e-03
1.782564167891709905e+00 2.102337966847572185e-03
1.786536837789129528e+00 2.374032893580576165e-03
1.790500802089049825e+00 2.509583422862796988e-03
1.794473561624891911e+00 2.522140934739092091e-03
1.798455135911507297e+00 3.519556772565966569e-03
1.802427868344693040e+00 3.755125564882191153e-03
1.806391661387686032e+00 3.185499117168724866e-03
1.810364171370515196e+00 3.141637422641276652e-03
1.814345417462960741e+00 3.510046616549535991e-03
1.818317586886320836e+00 3.706222409022338904e-03
1.822280581775369113e+00 3.654883653862767579e-03
1.826252213950116055e+00 3.166284661324249381e-03
1.830232502235393577e+00 2.744801907142411374e-03
1.834203477715671493e+00 2.413699776871089647e-03
1.838183068847919044e+00 2.565101439457708691e-03
1.842153228581641100e+00 3.134991916354246989e-03
1.846113858593685375e+00 3.321462519103506993e-03
1.850101147471200802e+00 3.015365313758245399e-03
1.854078865511318730e+00 2.703325770931022057e-03
1.858046914035764940e+00 2.506759237748215543e-03
1.862023454868379613e+00 3.509043939737020723e-03
1.865990206674694729e+00 4.000742159010856405e-03
1.869965409029714420e+00 3.561804284972552078e-03
1.873930702555199224e+00 2.779337195878928742e-03
1.877922820903566326e+00 2.748956640938060754e-03
1.881886532854016858e+00 3.174223213355369284e-03
1.885877105325779679e+00 3.361558146430210139e-03
1.890840136212692979e+00 3.502327503411908904e-03
1.894812530438695797e+00 3.548480654850433985e-03
1.898793270116852172e+00 3.412674445892940715e-03
1.902763712637619342e+00 3.044901027767879173e-03
1.906742457491271692e+00 2.963917192562635482e-03
1.910710783960252845e+00 2.662252655205806211e-03
1.914687369339555412e+00 2.456216246281606435e-03
1.919650915592678864e+00 2.461712476278619856e-03
1.923627242491931399e+00 2.268983474740271424e-03
1.927611805875996343e+00 2.259926122919685924e-03
1.931585680010504014e+00 2.432922286373574716e-03
1.935567746497636188e+00 2.847753921433837827e-03
1.940528330023150172e+00 3.096193457519381444e-03
1.944509762718363843e+00 3.209519420994340171e-03
1.948480255745062228e+00 3.399908665292327836e-03
1.952458856118494346e+00 3.262323658890565071e-03
1.956445580393047168e+00 3.147556364569236483e-03
1.961401964658909813e+00 3.036724468260756319e-03
1.965387675573301740e+00 2.880678354870788802e-03
1.969362172476944783e+00 2.700555853445911914e-03
1.973344706790120640e+00 3.000352082254274539e-03
1.978305100532600891e+00 3.193861551375975789e-03
1.982286279635092408e+00 3.337858140389574502e-03
1.986255991599226389e+00 3.279529477259898913e-03
1.991229312707537114e+00 3.531406524222921537e-03
1.995216933924108593e+00 4.619661308098406763e-03
1.999192934911362851e+00 4.703247672192837660e-03
2.004159339183851252e+00 3.824804498407437942e-03
2.008133466805708256e+00 3.299431154168860642e-03
2.012115474883996225e+00 2.961129075855204341e-03
2.017094200024085016e+00 3.206176957590495865e-03
2.021074156301817304e+00 3.767515162660129650e-03
2.025042106176373036e+00 3.646846022597127757e-03
2.030013000317769656e+00 3.314492331238203578e-03
2.033998499714138486e+00 3.384743759209675983e-03
2.038971383305638874e+00 4.354376834912579257e-03
2.042954435611105790e+00 5.125262369658068265e-03
2.046925194742283072e+00 4.710129373799184713e-03
2.051889437167758068e+00 3.537049124140926280e-03
2.055877562686750260e+00 2.606208246387307307e-03
2.060843306160438537e+00 2.603056581103837652e-03
2.064828585248551729e+00 2.915354985679332635e-03
2.069815948921164050e+00 3.099056664283229758e-03
2.073777904685074613e+00 3.016379001332564289e-03
2.077767820443825464e+00 2.914767103762022811e-03
2.082745586799485071e+00 3.159852528051293984e-03
2.086711827843397593e+00 3.361445160457627885e-03
2.091690508685894567e+00 2.938770184439836071e-03
2.095673783839275828e+00 2.682327411244478117e-03
2.100653246173864730e+00 2.554733234016094267e-03
2.105623890482925642e+00 2.342997633443188402e-03
2.109592322267589193e+00 2.473240589693052882e-03
2.114584118552967240e+00 2.564067037322922699e-03
2.118548661204117778e+00 2.486786166663111208e-03
2.123519999972061090e+00 2.978597932673360347e-03
2.127501296122257468e+00 3.665463784896442860e-03
2.132493642942486112e+00 3.603953194678091373e-03
2.136470811313653240e+00 3.240085531200480925e-03
2.141442203932399035e+00 3.341000974696980465e-03
2.146425164574651934e+00 3.149778841652827507e-03
2.150407226928029658e+00 2.995968438811494848e-03
2.155368773426748596e+00 3.997717683519102019e-03
2.160341767498442422e+00 4.093648854717859935e-03
2.164328422755503745e+00 3.762390023436636317e-03
2.169300815024128415e+00 3.982562637067848382e-03
2.174284631014130831e+00 3.969132310805132714e-03
2.178254292286612159e+00 3.898592683383120695e-03
2.183237267552870176e+00 4.377710090837933464e-03
2.188210182398574677e+00 4.033281516899270454e-03
2.192205267997402451e+00 3.354560192553869037e-03
2.197177062482286392e+00 3.299819325860332050e-03
2.202138536638954758e+00 3.128728512864191111e-03
2.207132859201373254e+00 3.369193485980105478e-03
2.211097440114924151e+00 4.262853955399696464e-03
2.216090348057724313e+00 4.616712026314010245e-03
2.221072748795860807e+00 3.565517492518986784e-03
2.226044520873819987e+00 3.096922022713388678e-03
2.230021202506888844e+00 3.862074004266157368e-03
2.234991087048148639e+00 4.367422221783136271e-03
2.239972047606229921e+00 4.087461772320508460e-03
2.244964108865440178e+00 3.619613561264809192e-03
2.249945230661483109e+00 3.895383560546317788e-03
2.253920401343405988e+00 4.020693593785483987e-03
2.258899242628594983e+00 3.852933157033442465e-03
2.263866880590704511e+00 4.194277962007192384e-03
2.268845443089179348e+00 4.683685998549113987e-03
2.273834954148616472e+00 4.484191370121583774e-03
2.278813089839705430e+00 4.641373022098852982e-03
2.283779727512498248e+00 4.721859318664347639e-03
2.287769804585902289e+00 3.566716126980196046e-03
2.292755963279123677e+00 2.857533913660631735e-03
2.297730455700890850e+00 3.714016382843906422e-03
2.302715741061484245e+00 3.927924067163092101e-03
2.307689211586974043e+00 3.661154226727253956e-03
2.312650744106675482e+00 3.772266886645738847e-03
2.317645672532476109e+00 3.684671953878187849e-03
2.322605833970133205e+00 3.557556812957056620e-03
2.327599437232578339e+00 3.589385923945797967e-03
2.332580901443306765e+00 4.134997102815945492e-03
2.337550102813991337e+00 3.796689770451226048e-03
2.342529890296500383e+00 3.578063137640078838e-03
2.347520286442899895e+00 3.700807458671382961e-03
2.352498243226392560e+00 3.939559415746927799e-03
2.357463636530257478e+00 3.872277630019087605e-03
2.362462678357105883e+00 3.014199994182772957e-03
2.367425886469162410e+00 3.011364577125772400e-03
2.372422787392646004e+00 3.665032600902122691e-03
2.377383605645239761e+00 4.123546763576371038e-03
2.382378160566724024e+00 3.830272134508765688e-03
2.387359795849577360e+00 3.784903861296665985e-03
2.393337427592941768e+00 3.513823970148654240e-03
2.398318459103414124e+00 3.535147452634107047e-03
2.403286288475123378e+00 3.685229313350334764e-03
2.408264408110233123e+00 3.792098466069382563e-03
2.413252839323793975e+00 3.971734648900109195e-03
2.418227888246498480e+00 4.420961542252649194e-03
2.423213193496836837e+00 4.204440601423517151e-03
2.429185305237101744e+00 3.218702126787373070e-03
2.434169328220619821e+00 2.848232551698182818e-03
2.439163577054363152e+00 2.696746185322002835e-03
2.444144103333712792e+00 3.374009816839369010e-03
2.449110781253144964e+00 4.515195981449051862e-03
2.455098564832913777e+00 3.647520257854423593e-03
2.460063377508469262e+00 3.005550205668637998e-03
2.465062404546528363e+00 3.248864251905499677e-03
2.470047366554749768e+00 3.582274888981253069e-03
2.476013491100678365e+00 3.483952791029682090e-03
2.480996268107927172e+00 4.166387164516377646e-03
2.485989072551130441e+00 5.601970571189568253e-03
2.491969264113851334e+00 6.118286409898371879e-03
2.496935176384271760e+00 6.145698599828659618e-03
2.501935520454243278e+00 5.886997944852987233e-03
2.507904882528412482e+00 5.411348460432482792e-03
2.512877907313309400e+00 4.801481393620789413e-03
2.517860793307730827e+00 4.237853204352775779e-03
2.523843400467632225e+00 4.418733159854419841e-03
2.528823230554685608e+00 4.192093386898521935e-03
2.533812886412900145e+00 4.182522882137571472e-03
2.539783581961295056e+00 4.995911997578523708e-03
2.544769907630751060e+00 5.136990063514647667e-03
2.550741407615136680e+00 4.586089230824100076e-03
2.555724183012296979e+00 5.023273876880058122e-03
2.560716692069869627e+00 4.316271859021302872e-03
2.566700441142500289e+00 3.276389405293528550e-03
2.571689171696647236e+00 2.871832508292230298e-03
2.577673281799242044e+00 3.184321562468798474e-03
2.582632684262122336e+00 4.273685484560047626e-03
2.588616872812417036e+00 5.166426837681595101e-03
2.593597330570631687e+00 4.653713770238535573e-03
2.599581431439264900e+00 3.931226064903575040e-03
2.604582984834168169e+00 4.469444959015990253e-03
2.610541229763744475e+00 4.886961136093909142e-03
2.615538219412790077e+00 4.835086084977177796e-03
2.621521525540744690e+00 4.710208532323414098e-03
2.626488017749596615e+00 4.319900320183510563e-03
2.632470556363080583e+00 4.104326346865465325e-03
2.637457791593015521e+00 4.244125275369550580e-03
2.643439392994024750e+00 3.833169928979169618e-03
2.648421436062308398e+00 4.345166020697043170e-03
2.654401871019218540e+00 4.545269011992334428e-03
2.660395810474236900e+00 4.378740209674309054e-03
2.665383671948760025e+00 4.526440470870604291e-03
2.671350014169844300e+00 4.031858328482776713e-03
2.676332166787196876e+00 3.760177614821128000e-03
2.682323016724638354e+00 3.850732220480239474e-03
2.688300913114366253e+00 3.670641951316633636e-03
2.693288266988772328e+00 3.465674480270336706e-03
2.699264129514479027e+00 3.817740318299072452e-03
2.704245302259468797e+00 4.185616828546653671e-03
2.710218897488538392e+00 4.767228887132149082e-03
2.716205688206913216e+00 5.687059302598163925e-03
2.722179007527668837e+00 5.383591499866099972e-03
2.727175721932751262e+00 4.669303564045369954e-03
2.733173165904557056e+00 5.115452433120786131e-03
2.739130074293651962e+00 5.453344111501541233e-03
2.744130992030508143e+00 4.811174337437009417e-03
2.750111782831149210e+00 4.705303218605483631e-03
2.756078580188483507e+00 5.156884763122429431e-03
2.762085410571621047e+00 5.018632893090789991e-03
2.767073965708878536e+00 5.126899187108257573e-03
2.773050370249353413e+00 4.479521435597293676e-03
2.779039682797230792e+00 4.717972524684483325e-03
2.785014618976031198e+00 5.185128266716746565e-03
2.789989863801217940e+00 5.101201355978753071e-03
2.795988342872568921e+00 4.629765211697632610e-03
2.801972240119164681e+00 4.825750454632436910e-03
2.807941406842429988e+00 5.662644398252607639e-03
2.813923289948411899e+00 5.304201914124003631e-03
2.818922533420705090e+00 4.776611852496863951e-03
2.824900106704489211e+00 4.227965061046449341e-03
2.830890355534315450e+00 4.321570436438864488e-03
2.836865486039011675e+00 4.564175873808450253e-03
2.842853228188831682e+00 4.260060871716585609e-03
2.848825670561273782e+00 4.237212265234969154e-03
2.854810660211056117e+00 4.079638223457450474e-03
2.860808223498277680e+00 4.003836210088173621e-03
2.865778344368362429e+00 4.610741621968235393e-03
2.871770786185301461e+00 5.953459667937985658e-03
2.877747536731182887e+00 5.566402618557689252e-03
2.883736726134390249e+00 5.011974254295462061e-03
2.889710041293596543e+00 4.786898132110621422e-03
2.895695729459557111e+00 4.579311797200284924e-03
2.901693816261473824e+00 4.214698695798740034e-03
2.907675812204615351e+00 4.093648854717846924e-03
2.913641566667811045e+00 4.305549466100940491e-03
2.919648193533092240e+00 5.144419951432282687e-03
2.925609820990609844e+00 5.441442846388370308e-03
2.931612371128381689e+00 5.047645922660302237e-03
2.937598428231162906e+00 4.553755908674414835e-03
2.943567841094239856e+00 4.186109258268111248e-03
2.949549384236796357e+00 4.543665163071645280e-03
2.955543082308436986e+00 4.732823016085800812e-03
2.961519916790109619e+00 4.944209723819386129e-03
2.967508837900001861e+00 5.973403569355832839e-03
2.974501497817109819e+00 7.005557922375070350e-03
2.980487441643596025e+00 6.785167930159750373e-03
2.986456143933268415e+00 6.163281961925118173e-03
2.992436799102367040e+00 5.839208928247913676e-03
2.998429431087641372e+00 5.684479335331458875e-03
3.004404600090829991e+00 4.566093901266326562e-03
3.010421198706583645e+00 4.729801489662299914e-03
3.016390683170864229e+00 5.798235617187444055e-03
3.023379927401932399e+00 5.849227081634795523e-03
3.029345399873118350e+00 4.999859708761609026e-03
3.035322642899993095e+00 4.755146486849854727e-03
3.041341505432802794e+00 4.524387025033627455e-03
3.047312533565212256e+00 4.285984888358944193e-03
3.053295284543245725e+00 4.770113988598864534e-03
3.128127095607196040e+00 6.987097962098393414e-03
3.135098522819669942e+00 6.789958910363588784e-03
3.141099598262820702e+00 7.291200430210966962e-03
3.147081297721751270e+00 7.303955215945272077e-03
3.154064035300537583e+00 6.708406650614168534e-03
3.160039433291711664e+00 6.169499858155394999e-03
3.166026151719236292e+00 6.780722189810409022e-03
3.173019806732417791e+00 6.844493688544218274e-03
3.178999940559412263e+00 6.357913743435562870e-03
3.184991345037953892e+00 5.798722859857133489e-03
3.191964286966571862e+00 4.996247851614844283e-03
3.197980125117519279e+00 4.682426752579551578e-03
3.204950073042192926e+00 4.576388275329783956e-03
3.210927406716250321e+00 4.360235102190954982e-03
3.216915888307447347e+00 5.595666336887031300e-03
3.223895490133435793e+00 6.230035240819832044e-03
3.229908157612066510e+00 5.488097414828168284e-03
3.236884204518541530e+00 5.489019815284431475e-03
3.242857491534783421e+00 5.707357558027969895e-03
3.249861506778574771e+00 5.318483790218429472e-03
3.255858741871484607e+00 5.558269864910875789e-03
3.261835055784507720e+00 5.460956222809485588e-03
3.268815945336109419e+00 5.114334949501275242e-03
3.274816042933093918e+00 4.722414836277230056e-03
3.281792529947631820e+00 5.499268877316916028e-03
3.287784203956004347e+00 5.955060733045441056e-03
3.294756006404426341e+00 4.589481708213290385e-03
3.300738978354595066e+00 4.255338283175870775e-03
3.307738251622957648e+00 4.380727552004876763e-03
3.314719859967549365e+00 4.909516558109522193e-03
3.320706518715581090e+00 6.045614177159556492e-03
3.327682864916702510e+00 8.010589154951588270e-03
3.333660243178096394e+00 7.342476999791233867e-03
3.340663803366944684e+00 7.202417370352173429e-03
3.346664498747926153e+00 7.592826940468075381e-03
3.353629601591784581e+00 6.333598484653611693e-03
3.360609200259065954e+00 5.716092696830290393e-03
3.366612706818470357e+00 6.794296521636928113e-03
3.373586241723569135e+00 7.469175627534450392e-03
3.379579787836712867e+00 7.457009519453293434e-03
3.386580182496695457e+00 7.645196805178043099e-03
3.393561797441486672e+00 7.618518737838813823e-03
3.399557493328055457e+00 7.889675384155886428e-03
3.406532454292956036e+00 7.541449487929253841e-03
3.413521725967576081e+00 7.132673380014934415e-03
3.419519152012791441e+00 6.678596804134048597e-03
3.426501465605678032e+00 7.925690015899381630e-03
3.433498036379452945e+00 8.155392595677013814e-03
3.439463099017289860e+00 6.722514046244854914e-03
3.446452337256266762e+00 5.658743948071418180e-03
3.453455778133783571e+00 5.325102157175546844e-03
3.460439514455962762e+00 5.225017043328496376e-03
3.466417388209668715e+00 5.119494603756809779e-03
3.473393273002534087e+00 5.048070091086253111e-03
3.480383196199663409e+00 6.534487216395889336e-03
3.487387186052210541e+00 7.419757046106726858e-03
3.493377352560573801e+00 6.393702099949218412e-03
3.500338837082116683e+00 5.364895510547376678e-03
3.507348589963342977e+00 6.252376562083845207e-03
3.514337915895394016e+00 6.279545202660268000e-03
3.520305328117423471e+00 6.345104625249193414e-03
3.527320473800105383e+00 6.180604012219400971e-03
3.534280278286730859e+00 5.982244274682848792e-03
3.541288543848609915e+00 5.718110395928554038e-03
3.548275908926147082e+00 5.675792506994938036e-03
3.555277060869713956e+00 5.428381451481241633e-03
3.561244138927864178e+00 6.693766363039530161e-03
3.568235885465346424e+00 7.639545588124261287e-03
3.575206297255535848e+00 7.536761540475141533e-03
3.582225455525643643e+00 7.168604962250297100e-03
3.589187996730439867e+00 5.716092696830290393e-03
3.596164070578736549e+00 6.350758800830173627e-03
3.603153703373062733e+00 7.329285409510428659e-03
3.610156921467071012e+00 6.948104876554866104e-03
3.617138278487725067e+00 6.904338158572099343e-03
3.624133136125364807e+00 7.549438379170576342e-03
3.631105910731057040e+00 6.956517333312173604e-03
3.638127779113533133e+00 6.298675806096555932e-03
3.645091732276525498e+00 7.263315901976410451e-03
3.652104830888409648e+00 7.853824404245474469e-03
3.659095538343671628e+00 6.938769633272993953e-03
3.666063674538394324e+00 7.750631876688866481e-03
3.673045080384461425e+00 8.813982124433242943e-03
3.680039781151706269e+00 8.965017695254703239e-03
3.687047802158086363e+00 8.738466607013132756e-03
3.694032941896467914e+00 9.082088876170797687e-03
3.700995019885077397e+00 9.669955957066085281e-03
3.708006582732138678e+00 9.482948819031682477e-03
3.714994996592358767e+00 8.716465709090888067e-03
3.721960080640600133e+00 8.695396961453846427e-03
3.728974792409414984e+00 7.798976813500976650e-03
3.735966086574475487e+00 6.998732645398604048e-03
3.742933781978610597e+00 7.473947141004876928e-03
3.750944305773987519e+00 6.730314032583888974e-03
3.757903082793637495e+00 5.868131432878938812e-03
3.764911691392430537e+00 6.153139538708116488e-03
3.771896380799506954e+00 8.332588018678263944e-03
3.778894028249191628e+00 1.003822220403849559e-02
3.785867530298843597e+00 1.070973429141861694e-02
3.793858321084083052e+00 1.166736733679079457e-02
3.800859437966534138e+00 1.155341651940698829e-02
3.807836131656724188e+00 9.992776083016007352e-03
3.814825631465012634e+00 9.809412293046168921e-03
3.821827960897762111e+00 8.448212785350186008e-03
3.829781977444429497e+00 7.007206400009590753e-03
3.836774133384388996e+00 7.805533000274421894e-03
3.843779055127983568e+00 9.484702043159430260e-03
3.851778756453901220e+00 9.166425911257814613e-03
3.858773230161005152e+00 1.007506650347750159e-02
3.865742494379682981e+00 1.003113925633641358e-02
3.872724345667062362e+00 1.024254654630367758e-02
3.880746230200331937e+00 8.600493303591822541e-03
3.887717053171158010e+00 6.948922307650258305e-03
3.894700397541224657e+00 6.655403555813232952e-03
3.902691256144482868e+00 7.103723546979301418e-03
3.909701498052253754e+00 6.956517333312173604e-03
3.917684714610027541e+00 7.534102110014533928e-03
3.924644911359518762e+00 8.925180247242699844e-03
3.931656030494365517e+00 9.326478503851228993e-03
3.939645440434159429e+00 9.901834496750278047e-03
3.946644652822639543e+00 9.710016686804901279e-03
3.954625738258034762e+00 7.950770874152355769e-03
3.961612713797914243e+00 8.380900076589427664e-03
3.968612033825092311e+00 9.055417432732833574e-03
3.976598544748360720e+00 9.235235065512197722e-03
3.983585275051616303e+00 8.613656400876584449e-03
3.991562773705055633e+00 8.742138818460585756e-03
3.998536582482909996e+00 1.026684635879401494e-02
4.006544022514950676e+00 1.013995493632818996e-02
4.013544005593542963e+00 8.788245725192546723e-03
4.021542060670813434e+00 8.801548259493452084e-03
4.028528740155824295e+00 1.029397143661289413e-02
4.036517070738468327e+00 9.578088254984492081e-03
4.043490112559531724e+00 8.420713589390803333e-03
4.051468378451740016e+00 7.600487049205901895e-03
4.059462386369991904e+00 8.051890506900919592e-03
4.066475065988367277e+00 9.007000559520601107e-03
4.074458726151286569e+00 8.420289047640245120e-03
4.081417259604110725e+00 8.863148688292679309e-03
4.089430255590804641e+00 9.762868875318556419e-03
4.096414358056704508e+00 1.090827744092017111e-02
4.104416546212258154e+00 1.205767922874963725e-02
4.112394036652054830e+00 1.364779354126627146e-02
4.119376959473767918e+00 1.180563250896824942e-02
4.127383527506548688e+00 1.064209389078006954e-02
4.135365102433487650e+00 9.579054112769372006e-03
4.142346407137348585e+00 8.783963637409167649e-03
4.150356917428325687e+00 9.079341907100257208e-03
4.158342138233252605e+00 1.007252701851804079e-02
4.165321383930985277e+00 1.078505226420461809e-02
4.173294469206614288e+00 1.028186861107664718e-02
4.181323821496932602e+00 1.068492493644456094e-02
4.188300564924223757e+00 9.453829042357001985e-03
4.196276483687481296e+00 8.394714591111874027e-03
4.204267591255632652e+00 8.896278015832745356e-03
4.212273916553219699e+00 1.082518349571832267e-02
4.219260924016859704e+00 1.411431624783574847e-02
4.227254345509713573e+00 1.370571562126255902e-02
4.235262910599590924e+00 1.196321573449794090e-02
4.243245035055339009e+00 1.245497667277702114e-02
4.250241733576131331e+00 1.331744584413232547e-02
4.258210328668954325e+00 1.219646969001555829e-02
4.266193863737368197e+00 1.105704119073978343e-02
4.274192366791687014e+00 1.262695572588603925e-02
4.282163871302262059e+00 1.346756785290680741e-02
4.289182679775231932e+00 1.307065905255434292e-02
4.297182141695607527e+00 1.123045944029124089e-02
4.305154302810036526e+00 1.116365701883006989e-02
4.313141253931207508e+00 9.977505461853049956e-03
4.321143022497634156e+00 1.041071090130357181e-02
4.329117180941602250e+00 1.134541890539212186e-02
4.337106054751981965e+00 9.619061562121786549e-03
4.344087111001278423e+00 8.217578944878022734e-03
4.352103610047288740e+00 8.448780722968970633e-03
4.360092143769944251e+00 8.865383264853849907e-03
4.368052504010131010e+00 1.044470875387416321e-02
4.376070312834821507e+00 1.026029180404861539e-02
4.384059844931368133e+00 8.853472029914986538e-03
4.392063963773225055e+00 7.657669940741402073e-03
4.400039545408866992e+00 8.791052362769743653e-03
4.408029609962552442e+00 1.143558071593682966e-02
4.416034183733919427e+00 1.167658675389319188e-02
4.424009907413299914e+00 9.994287633697477441e-03
4.432000035910570013e+00 1.032359685286089387e-02
4.440004595242024621e+00 1.186031988870311915e-02
4.447979990742567225e+00 1.312922044776511192e-02
4.455969712114184134e+00 1.228864387218205241e-02
4.463973785089835999e+00 1.140908992040483468e-02
4.471948379665644069e+00 1.168365336184667633e-02
4.479937220328396030e+00 1.227935392028287401e-02
4.487940332527781351e+00 1.309990702633276154e-02
4.495913650951767870e+00 1.224432188254312437e-02
4.503901134850778476e+00 1.337778739498489584e-02
4.511902809391331814e+00 1.492296205444554845e-02
4.519918699784664540e+00 1.482621991886234544e-02
4.527904426750461120e+00 1.237132282397101005e-02
4.536882989332616134e+00 1.049538465292922107e-02
4.544898688559751321e+00 9.944861237033449444e-03
4.552883900301711861e+00 1.043540967339594457e-02
4.560838414237366578e+00 1.349498216750642104e-02
4.568851631462697682e+00 1.592525541335370817e-02
4.576834043219342618e+00 1.765840671641809301e-02
4.584830401346454920e+00 1.634060059314773258e-02
4.593831742123168915e+00 1.417660058104900853e-02
4.601812668222178715e+00 1.129918064112702888e-02
4.609807459692183862e+00 9.707732360580534348e-03
4.617816140621684440e+00 9.007908828621640288e-03
4.625793370621267719e+00 1.031960719049828876e-02
4.633784381203823521e+00 1.243322673673685416e-02
4.642790769854908461e+00 1.354360368249711219e-02
4.650765533851906497e+00 1.340231582950166846e-02
4.658753995830132055e+00 1.265223363614161739e-02
4.666756179318142017e+00 1.056777427522176058e-02
4.675734944102954316e+00 9.718506034152767439e-03
4.683720362587194153e+00 1.047001604390969919e-02
4.691719418907866590e+00 1.154992207244984539e-02
4.699686047181172555e+00 1.129006946932879958e-02
4.708681991111792975e+00 1.124367885559783217e-02
4.716677422153390253e+00 1.249502041910773888e-02
4.724686429588054182e+00 1.262674352059321714e-02
4.733683805626404784e+00 1.729248211716711420e-02
4.741675189264907608e+00 1.547957034211054454e-02
4.749680063921202233e+00 1.314003665636522336e-02
4.758631701209250942e+00 1.402446613450704892e-02
4.766665201772489091e+00 1.283275807979209794e-02
4.774618615938975630e+00 1.454145079018936103e-02
4.783617254471137947e+00 1.598451336558719821e-02
4.791598953967174168e+00 1.665528387882660513e-02
4.799593971319438879e+00 1.766107780365994834e-02
4.808592523252441353e+00 1.866665154030554968e-02
4.816615895206710185e+00 1.646852152006761383e-02
4.824605340308331769e+00 1.686059092916028512e-02
4.833555980476287317e+00 1.426311004321591247e-02
4.841573524534564577e+00 1.179214874181460510e-02
4.850555644191639537e+00 9.585978944379822814e-03
4.858553738862194216e+00 9.638155988209723066e-03
4.867567360326710002e+00 1.283707212006788591e-02
4.875545691856798314e+00 1.671669638354352644e-02
4.883537100509256490e+00 1.822125090742958073e-02
4.892549090717335680e+00 1.471723784152712856e-02
4.900520310568985849e+00 1.340321681051764510e-02
4.909515494339235175e+00 1.541570609718181245e-02
4.917514356822743515e+00 1.626634829313987687e-02
4.926492420697501373e+00 1.593516109501420114e-02
4.934470551282679196e+00 1.466464943206850606e-02
4.943479572626165108e+00 1.409464208420385840e-02
4.951485212787078538e+00 1.372507755758484507e-02
4.960476651631773315e+00 1.305463342022761090e-02
4.968461092429669712e+00 1.554004243713045207e-02
4.977434544884122403e+00 1.596652503162722045e-02
4.986424204137311023e+00 1.718413284484391138e-02
4.994401431008576253e+00 1.741672848123868023e-02
5.003421733864103160e+00 1.741087539671616266e-02
5.011426153197407807e+00 1.517230459547062350e-02
5.020427969464972939e+00 1.493073867782747713e-02
5.028410282259413222e+00 1.566169626629054096e-02
5.037393205388529971e+00 1.829058915244093780e-02
5.046392175917002731e+00 1.799000054064386206e-02
5.054366203457913542e+00 1.715498934758365179e-02
5.063345839590664532e+00 1.633565821424845174e-02
5.071346656365613548e+00 1.557246054679880046e-02
5.080356460136076890e+00 1.546137070551938456e-02
5.089332360428597823e+00 1.863624651149419983e-02
5.097324250896544839e+00 1.793083983097175371e-02
5.106330129636296178e+00 1.513257920446322950e-02
5.115301754771117260e+00 1.293213145128288034e-02
5.123334425549797011e+00 1.318339067107045931e-02
5.132285594957469499e+00 1.613620075851888644e-02
5.141302822844002307e+00 1.553351470714168028e-02
5.149275326705470057e+00 1.625787602212880670e-02
5.158271818432850431e+00 1.677636162617269361e-02
5.167284028267787654e+00 1.575938684538279178e-02
5.175296820606257953e+00 1.608746157161803497e-02
5.184237092760219490e+00 1.393378290909806638e-02
5.193243738070641768e+00 1.340164013348576176e-02
5.201245777650931323e+00 1.326896722861680214e-02
5.210230876361920060e+00 1.523413634918399477e-02
5.219231496738736986e+00 1.626853540226604056e-02
5.227222317056163803e+00 1.592632600092866099e-02
5.236200939269559207e+00 1.648541302247969256e-02
5.245194983757340168e+00 1.520293353765540291e-02
5.254204477009824181e+00 1.704349105846128185e-02
5.262197236500403719e+00 2.057503065402865178e-02
5.271184240165578849e+00 1.753184699726418466e-02
5.280186592216851160e+00 1.511529557529114019e-02
5.289152448875793056e+00 1.594025019053187109e-02
5.297146423257611758e+00 1.756428716199386758e-02
5.306141078030297109e+00 1.638349722954317994e-02
5.315151005896830760e+00 1.577130961808765122e-02
5.324124019838783362e+00 1.901494135817380013e-02
5.332118558564417299e+00 2.189430096054433353e-02
5.341120217052211849e+00 2.250575843018762928e-02
5.350137072099243163e+00 2.253679459074758168e-02
5.359116593240478288e+00 2.362582028371809639e-02
5.368111185360048054e+00 2.283838648639609573e-02
5.376119050982198999e+00 2.167354578230305459e-02
5.385089368722345782e+00 2.002545005099829259e-02
5.394074653876644199e+00 1.905749074332767010e-02
5.403074931418950122e+00 1.842789020986270246e-02
5.412090226364807855e+00 1.853161981854229562e-02
5.420057389567833006e+00 1.916186583275314090e-02
5.429047778650899936e+00 1.870527771342999496e-02
5.438053080324379174e+00 1.953744612888574581e-02
5.447073319324169383e+00 1.940850597969825952e-02
5.456055013645635832e+00 1.889357690341359614e-02
5.465051517907814294e+00 2.002713284804012381e-02
5.474009173675302264e+00 1.819218282687211710e-02
5.482013726693657496e+00 1.912197544637844401e-02
5.490999184875613892e+00 1.971489616919641641e-02
5.499999370940928500e+00 2.062765662255673649e-02
5.509014309029773848e+00 2.054358859068970006e-02
5.517989909153339312e+00 1.702345268939453593e-02
5.526980132836224691e+00 1.616415679857094792e-02
5.535985003903973301e+00 1.971456484584298979e-02
5.544950167656823581e+00 2.202013313130723668e-02
5.552949541956769153e+00 2.243589472249749375e-02
5.561942178663669800e+00 2.746523050994887499e-02
5.570949378354499437e+00 3.043483886744094424e-02
5.579971164613048984e+00 2.683738750945726531e-02
5.588952750969909289e+00 2.416959292553148494e-02
5.597948794192423527e+00 2.590413977561440220e-02
5.606904331410449416e+00 2.465285404593988219e-02
5.615929269705216775e+00 2.153195554523202465e-02
5.624913571891192454e+00 2.096174582423555172e-02
5.633912247065476997e+00 2.208758855629986903e-02
5.641929301945293851e+00 2.152508123791931766e-02
5.650899781100890529e+00 1.977828113746063141e-02
5.659884523018740232e+00 2.006419018083311148e-02
5.668883550376152769e+00 2.327155291125099917e-02
5.677896885886511313e+00 2.249214630334707768e-02
5.686868781958830610e+00 2.047878344894856276e-02
5.695854854921076793e+00 1.907383191630763336e-02
5.704855127174769613e+00 1.916991832367973686e-02
5.713869621156842271e+00 1.896324259564328291e-02
5.722842236212497546e+00 1.737258629924982520e-02
5.731828941162790514e+00 1.610802235693289605e-02
5.740829758133393135e+00 1.862497477621216646e-02
5.749844709284721134e+00 2.200311659689803412e-02
5.758817340881895674e+00 2.624594176293670172e-02
5.767803974269005707e+00 2.563476753133235239e-02
5.775841626701978093e+00 2.479162364321325224e-02
5.784798095764159598e+00 2.287949208133062406e-02
5.793825272114420777e+00 2.086404025356304939e-02
5.802809628015289434e+00 1.965633857992018368e-02
5.811807915756901366e+00 1.870182008829274559e-02
5.820763073519669817e+00 2.340687394206996536e-02
5.829789201269643506e+00 3.089192371508727927e-02
5.838772065599950878e+00 3.093192536573689810e-02
5.847768771228595064e+00 2.575741137548212545e-02
5.856779339483015434e+00 2.492153945311235616e-02
5.865746267156154659e+00 2.506224265562681519e-02
5.874726923499485665e+00 2.264537801046729096e-02
5.883721329532053623e+00 2.320048166289513311e-02
5.892729506305106391e+00 2.703384832867808743e-02
5.901693597804213987e+00 3.153555354959996365e-02
5.910729290729126895e+00 3.643005260765555531e-02
5.919720763718312462e+00 3.267827365359345787e-02
5.928725914645122330e+00 2.603507210610382649e-02
5.937686534240908642e+00 2.532304517668311494e-02
5.946719014915436752e+00 2.324262958315648914e-02
5.955706829110736678e+00 2.251143258076859430e-02
5.964708227402376828e+00 2.073575195164881549e-02
5.973664647413135853e+00 2.185900595701256374e-02
5.982693186979460620e+00 2.292413874031204099e-02
5.991676612645105315e+00 2.486422597408315116e-02
6.000673527542795149e+00 2.513563749494078514e-02
6.009683951927552670e+00 2.326803328754678199e-02
6.018648882022495705e+00 2.463463101875575101e-02
6.027627185528121601e+00 2.570033508707569164e-02
6.036618882394194863e+00 2.465865510832094057e-02
6.045623992600217989e+00 2.129981409771929471e-02
6.054642536155498966e+00 2.348962822948582121e-02
6.063615068059706736e+00 2.399918995364087176e-02
6.072600896591804798e+00 2.502814923401672567e-02
6.081600041456397321e+00 2.983673122190037483e-02
6.090612522387311323e+00 2.714219482412053713e-02
6.098621537541957238e+00 2.416837438256811549e-02
6.107599346682385466e+00 2.283262992499167018e-02
6.116590372097414630e+00 2.326060471882969785e-02
6.125594633242789300e+00 2.371094252847787479e-02
6.134551988894757280e+00 2.655250886808436378e-02
6.143582691419789299e+00 3.158328808000679389e-02
6.152566350711523135e+00 3.038322278351289485e-02
6.161563146659556622e+00 3.131637595375955097e-02
6.169544451908422822e+00 3.544803061850813897e-02
6.178566074652844797e+00 3.510300280198608291e-02
6.187540209210562914e+00 3.321200175025187246e-02
6.196527378360794813e+00 2.801250339315027385e-02
6.205527601035788265e+00 2.811059588036191048e-02
6.214540896195289932e+00 2.639634031362918243e-02
6.222529802027771950e+00 2.520543458778869497e-02
6.231506680714489654e+00 2.738135178358424085e-02
6.240496509817445414e+00 3.681719355690163398e-02
6.249499308019440313e+00 4.421503951944767002e-02
6.258515094030225434e+00 4.328206442976143681e-02
6.266499074802158731e+00 3.664866300631261509e-02
6.275477842630541758e+00 3.691260373931674194e-02
6.284469475420805473e+00 3.504759252359884725e-02
6.292486566168317808e+00 3.426023586071930832e-02
6.301502569404969556e+00 3.628341117531476423e-02
6.310469605047126507e+00 3.549393192753946824e-02
6.319449400777425119e+00 2.836924926831888710e-02
6.327449062953739656e+00 2.841410107942505398e-02
6.336453020445871331e+00 3.820391065835865296e-02
6.345469790565916313e+00 3.608698759205790363e-02
6.353440084109643671e+00 3.056092443183506049e-02
6.362418631449529904e+00 3.022940719658803038e-02
6.371472350623673009e+00 2.935132496945427535e-02
6.379412742930400171e+00 2.502478450005357971e-02
6.388427994283179423e+00 2.694766376538311123e-02
6.397455985798765177e+00 3.063085434758589312e-02
6.405428759986076415e+00 3.749279991046530758e-02
6.414417871310312158e+00 4.072671433412657083e-02
6.422411784100736654e+00 3.803414564991784014e-02
6.431424728692050508e+00 3.891673443697379886e-02
6.440387161681913497e+00 3.428327453716138035e-02
6.448413438475841808e+00 2.952696092617939500e-02
6.457399545873706792e+00 2.540147235855102353e-02
6.465383619075816490e+00 2.654626226786870741e-02
6.474393375060561340e+00 2.733950853136457582e-02
6.482398459813107472e+00 3.095064520179977366e-02
6.491368266663988251e+00 3.348831616814048479e-02
6.499394339552114985e+00 3.500226842767974883e-02
6.508387663895705444e+00 3.879397085649434473e-02
6.516370874793694590e+00 3.288376382729799041e-02
6.525323696910112048e+00 3.392790961462568977e-02
6.533327681604985671e+00 3.566734109564229788e-02
6.542367960100794022e+00 3.449711810083216923e-02
6.551356499533609323e+00 3.622431122587933122e-02
6.559328089725562805e+00 3.150430006974905273e-02
6.568339930628869006e+00 3.335071351263182299e-02
6.576332185999508972e+00 3.595562252272967857e-02
6.585302807619484611e+00 3.892000472380496151e-02
6.593315703158904029e+00 4.470218689326388439e-02
6.602309491599213764e+00 4.059141882002852142e-02
6.610343080611080779e+00 3.518628251978676846e-02
6.619295181182532239e+00 3.316292025051494063e-02
6.627284445253574852e+00 3.559309028783057272e-02
6.636324569664091122e+00 4.344968859480533019e-02
6.645311855837888082e+00 4.540176837928155268e-02
6.653267273472428300e+00 4.275790417730514215e-02
6.662277504414234386e+00 4.151939182164832848e-02
6.670253232430401802e+00 4.046881296143475804e-02
6.679286466718787452e+00 4.228483791916465978e-02
6.687282556969511127e+00 4.413337704420405849e-02
6.696273183901912063e+00 4.219468366814730503e-02
6.705275898161563219e+00 3.827846113198195288e-02
6.713237265796770714e+00 3.950784349792421657e-02
6.722262787187752942e+00 5.154571300657889016e-02
6.730244323846662269e+00 5.408284567195106862e-02
6.739226619478574598e+00 5.617365734010831835e-02
6.747228297785257567e+00 5.254808111323586856e-02
6.756233260510307481e+00 4.345772164906316209e-02
6.765250241407871457e+00 3.930981621994429631e-02
6.773216394309926613e+00 3.766711130190548290e-02
6.782189529178887177e+00 4.338110302808161761e-02
6.790242218588468326e+00 4.098763691494575201e-02
6.799237909213603714e+00 4.038796027948085565e-02
6.808178750426991499e+00 4.762448273002969912e-02
6.816195452097304042e+00 5.058711398624093220e-02
6.825225525481087629e+00 4.867723267342265875e-02
6.834200539811178032e+00 4.499916527238552455e-02
6.842180782084153812e+00 4.020646294163818246e-02
6.851178092186070323e+00 3.501344684541272956e-02
6.859178159013559650e+00 3.552376979635302190e-02
6.868197820274562382e+00 3.486723348935039796e-02
6.877161898800881801e+00 3.459407307035031881e-02
6.885192306715196331e+00 3.738457929797235624e-02
6.894178565719562002e+00 4.616580128770646219e-02
6.903176553205470967e+00 5.728816097662764451e-02
6.911169561337409561e+00 6.292465194623644842e-02
6.920189724745291926e+00 6.116261128644660816e-02
6.928134488722306195e+00 5.061602771534959994e-02
6.937176794029017657e+00 3.701572540158662439e-02
6.946162780902902512e+00 3.198174615458260900e-02
6.954137363397789429e+00 3.493820853982240043e-02
6.963145319937172673e+00 4.109799854168993960e-02
6.972096570429855866e+00 4.994761868575536834e-02
6.980100926362323932e+00 5.959796400139813488e-02
6.989142514484544044e+00 5.586673934019793786e-02
6.998127184845664317e+00 4.912017209437005705e-02
7.006092717587812935e+00 4.824153029916428137e-02
7.015099177744622772e+00 4.785474413823129908e-02
7.024117215870469444e+00 4.282622419227642696e-02
7.032112331447801346e+00 3.999955575331084340e-02
7.041083189358475103e+00 4.926650447722892567e-02
7.050065491382639493e+00 5.041821456355153469e-02
7.058090142267459122e+00 4.829750389397113874e-02
7.067094140042608608e+00 5.274272638133892938e-02
7.075068789351529830e+00 5.155437644412400044e-02
7.084094446767962516e+00 4.726805723615976063e-02
7.092088279560447184e+00 5.003499403366597209e-02
7.101066009543394841e+00 5.462819596762325675e-02
7.110055104251720159e+00 5.024734564334327330e-02
7.118078231565426961e+00 6.289927696756998643e-02
7.127088861698820388e+00 7.233872293245946494e-02
7.135061237677731150e+00 7.851884384809007522e-02
7.144023305797779777e+00 7.022803679562576729e-02
7.152014624680030686e+00 5.926636005540587143e-02
7.161068214201677051e+00 6.122637376512837099e-02
7.169078599552854314e+00 6.753575382185855736e-02
7.177027561214462281e+00 7.628294142775517150e-02
7.186042341573096515e+00 6.487032391352631766e-02
7.194010112365205600e+00 5.308776858748069649e-02
7.203046223834420836e+00 5.283055181632856367e-02
7.211032848263900341e+00 5.346381252692639086e-02
7.219028328137006234e+00 5.857815091932533358e-02
7.228024979749741341e+00 6.677059297491121093e-02
7.236039300231142946e+00 5.597011271708100116e-02
7.244986101037877546e+00 4.913420772869992598e-02
7.253019227743953579e+00 5.481672587527437746e-02
7.260990053923240595e+00 5.952389195845573383e-02
7.269967704399801001e+00 5.998180449354843097e-02
7.277957156389558868e+00 6.311316949064199600e-02
7.286026840883542910e+00 6.157411809244065642e-02
7.293962410441797495e+00 6.152860340981013837e-02
7.302980828677301695e+00 6.776085766890177498e-02
7.311006560989363301e+00 6.235199149475938868e-02
7.318969337187227531e+00 6.563245704468775865e-02
7.327946810379060594e+00 6.684132513406051967e-02
7.335928037034267213e+00 6.224519929708031973e-02
7.343989977229232302e+00 7.085397856862259147e-02
7.351988677285127949e+00 7.764490483132745202e-02
7.359923911355833681e+00 6.682223130023122459e-02
7.368951619570488276e+00 5.667719003066990641e-02
7.376977506576619881e+00 4.913668502163415219e-02
7.384939711881671975e+00 5.083255381058286032e-02
7.392910511046915545e+00 5.478633327819414783e-02
7.400962492858075947e+00 5.861951271969954164e-02
7.408950585917949638e+00 5.607556213797426636e-02
7.416947300779487051e+00 6.097069732095410782e-02
7.425899303819838870e+00 6.826377833006359863e-02
7.433914311969044064e+00 7.598992721695291275e-02
7.441937970970213811e+00 8.169151159105306204e-02
7.449897230042372698e+00 7.225853017600421258e-02
7.457938139912879016e+00 6.059274716417602236e-02
7.465914511394515785e+00 5.726698377935784262e-02
7.473899413719498952e+00 5.441744633895946592e-02
7.481892856011694626e+00 6.603518362162684452e-02
7.489894847404727329e+00 7.278871588600209497e-02
7.497905397041968456e+00 8.133807081709044928e-02
7.505924514076588672e+00 7.465448434008757628e-02
7.513878520097712510e+00 6.571744387303161961e-02
7.521914720615848537e+00 6.723338834413518372e-02
7.529885671411578052e+00 5.855649686311958230e-02
7.537865069000305063e+00 5.537785175963471501e-02
7.545852922333070367e+00 6.483871573708044345e-02
7.553849240370401397e+00 6.946738813538599899e-02
7.561854032082313104e+00 8.062492965897084807e-02
7.569867306448348820e+00 8.663496164612190242e-02
7.577889072457543840e+00 8.398284687912252466e-02
7.585844945769793846e+00 8.720319191310244022e-02
7.593883643236150505e+00 9.701746713071177086e-02
7.601856308926531192e+00 8.886012622352647272e-02
7.608867239380496805e+00 8.576576534146207464e-02
7.616855636047083600e+00 7.944933837615747452e-02
7.624852419570655293e+00 7.863108813807646869e-02
7.632857598756398687e+00 8.883922146886125137e-02
7.640871182418741192e+00 9.490330488198717163e-02
7.648818168472969248e+00 8.562031055652621903e-02
7.656848508816419319e+00 8.318777877286522016e-02
7.664812112293849289e+00 8.724277009914485626e-02
7.671805868372986836e+00 9.518922780060046218e-02
7.679860343040177284e+00 9.962810692887345831e-02
7.680010974448304495e+00 9.999882359546792554e-02
7.703847885994205669e+00 9.162467685373561210e-02
7.711784743363589101e+00 7.574512351895167084e-02
7.718821359609319366e+00 7.365749415829117575e-02
7.726773643337871533e+00 8.625433437315618845e-02
7.734809973348120593e+00 9.063684808602197329e-02
7.742778729279740091e+00 8.028824639554416054e-02
7.750831705584860565e+00 7.772454398385518493e-02
7.757827870270868509e+00 8.297275841820572762e-02
7.765820340295434221e+00 8.750414290419858410e-02
7.773821044529125146e+00 9.373193811124906627e-02
7.781753676866535407e+00 9.236057695181472404e-02
7.788777752777004793e+00 8.068457050700186817e-02
7.796802108789797181e+00 7.226581675157517370e-02
7.804758191671343326e+00 7.259935449594069612e-02
7.811803032240395517e+00 7.660926587844403557e-02
7.819774422499069289e+00 8.621665353105952001e-02
7.824070078243574144e+00 9.999882359546782840e-02
7.941727819781854159e+00 8.728676692950945726e-02
7.949753826916862387e+00 7.555822886772843583e-02
7.957709905065495803e+00 7.352021768688613013e-02
7.964736586140664265e+00 7.673941238480457006e-02
7.971683476829031889e+00 8.681961582702728275e-02
7.972707658967856936e+00 8.841175613376557607e-02
7.979747583103500297e+00 9.707781304793298982e-02
7.982252165001757049e+00 9.999882359546782840e-02
8.098634408934527684e+00 9.089311262535462732e-02
8.106659985204982988e+00 8.476984146127498898e-02
8.112067822853349597e+00 9.999882359546792554e-02
8.135649882526296395e+00 9.508370359098280988e-02
8.140518211879619770e+00 9.999882359546792554e-02
