1.995307088027704900e-03 2.467452399428152199e-04
2.095732068012561185e-03 2.248074836262839221e-04
2.106733820940118358e-03 2.242894057985368294e-04
2.109177722915122136e-03 2.243263717303820243e-04
2.168527284610335254e-03 2.126625888585983212e-04
2.169581852308146656e-03 2.124699188617142163e-04
2.229546867013209276e-03 2.082235837979023291e-04
2.265437196801843838e-03 2.076923763394235897e-04
2.274861242917914934e-03 2.011738042280792802e-04
2.292369193210275734e-03 2.001816557703578697e-04
2.346934177976223342e-03 1.994900646678659812e-04
2.356873528422294417e-03 1.998849664830129234e-04
2.420113636876890847e-03 1.898358297775941167e-04
2.490540045166938186e-03 1.800395333531865690e-04
2.491378480888569672e-03 1.800098652893381912e-04
2.494735047303891368e-03 1.795654305478638468e-04
2.561482682754145663e-03 1.769800935250576829e-04
2.607880469505332970e-03 1.765431391282223505e-04
2.633559527137471854e-03 1.773304355849205749e-04
2.698566073776725947e-03 1.691802086561902294e-04
2.771389104237247276e-03 1.611255187742228253e-04
2.781565180068208774e-03 1.608602026582302052e-04
2.783854735914273199e-03 1.609132309079255342e-04
2.831631744052530344e-03 1.557344772926133472e-04
2.882599477222876679e-03 1.545965607926370812e-04
2.942837233486378466e-03 1.565708287186072468e-04
3.004783250319913255e-03 1.503378802907048666e-04
3.073775660639536077e-03 1.441866304767598888e-04
3.103810087958493603e-03 1.435464830429413505e-04
3.110782682163484858e-03 1.436174699550458978e-04
3.197120209108469165e-03 1.363072757632866441e-04
3.217030449185629293e-03 1.348216131004740376e-04
3.288312647921727821e-03 1.366333850378271338e-04
3.336501467214919928e-03 1.328476420983094560e-04
3.353515051197777843e-03 1.290391349232184403e-04
3.380841557292737880e-03 1.284133208640888711e-04
3.460538704778729716e-03 1.278958846568632214e-04
3.475974111750479694e-03 1.248244733365846319e-04
3.524144149615159993e-03 1.220780436258328105e-04
3.569909647841352195e-03 1.218067463570967913e-04
3.573783574535420188e-03 1.211161671110547411e-04
3.643147385068110002e-03 1.174696204197575979e-04
3.674345270421845808e-03 1.181783529714910443e-04
3.695844985894032424e-03 1.168325077833130463e-04
3.702762507316938092e-03 1.154829562676851305e-04
3.777877930153874728e-03 1.140925723420680988e-04
3.854661326449285684e-03 1.137358844800326932e-04
3.884182579997584161e-03 1.140173873186415312e-04
3.982739604060927911e-03 1.086606113854596809e-04
3.993478506634064520e-03 1.071314484658356087e-04
4.088228985996722811e-03 1.033509190545916178e-04
4.104161124140703193e-03 1.032657929927884537e-04
4.105849880763885393e-03 1.030872564182991075e-04
4.128484614647027692e-03 1.022160367847708523e-04
4.282925445683788412e-03 1.006364969475071012e-04
4.340167563230068297e-03 1.014858908829589513e-04
4.563898935712244927e-03 9.248578926867022940e-05
4.583398623024096535e-03 9.231067622893687611e-05
4.587857574912083958e-03 9.232589027863260178e-05
4.659967911964547384e-03 8.964951678739171070e-05
4.755212818039036664e-03 8.891384008163128762e-05
4.849864441274335386e-03 8.960520503081775650e-05
4.948990635254598390e-03 8.618710898248114094e-05
5.063759872511590897e-03 8.276971450445158270e-05
5.113047574839632396e-03 8.233436916144329138e-05
5.126642460236671521e-03 8.245657807860347073e-05
5.269716990408635122e-03 7.826594979905297561e-05
5.285507195536990298e-03 7.786712442950007452e-05
5.419215987033982988e-03 7.919362770812881454e-05
5.618998468457337206e-03 7.407435989162450003e-05
5.708810249796213154e-03 7.356341722495856185e-05
5.728486459102306166e-03 7.236102727999310473e-05
5.847101307071861376e-03 7.007260118076694111e-05
5.885495122947110962e-03 6.996874655918966317e-05
5.889678736467524739e-03 6.973276304557804635e-05
5.956799655572131771e-03 6.850825639148421745e-05
6.055406758216130662e-03 6.900114286278889915e-05
6.117777600471239162e-03 6.766113051701086966e-05
6.141159679023178164e-03 6.628703161826454964e-05
6.226030997719191572e-03 6.561318579831152016e-05
6.354472752683372125e-03 6.532188200423168808e-05
6.401223541619534101e-03 6.315711351423404214e-05
6.430978046463651891e-03 6.271113908611148703e-05
6.568067841200316351e-03 6.245844712439617354e-05
6.739260843825379751e-03 5.980424823702742894e-05
6.766536426595543691e-03 5.997203070187793073e-05
6.806638600841317943e-03 5.932326172243506648e-05
7.090904938347505036e-03 5.830075857166660289e-05
7.152697435849952878e-03 5.846914061250507743e-05
7.332269775694004454e-03 5.579105291362486548e-05
7.353965187326794335e-03 5.505125814094679508e-05
7.526476950583320218e-03 5.309106918009664583e-05
7.556655989424362549e-03 5.302985864919092343e-05
7.560896355737979982e-03 5.303859868813121152e-05
7.626214066584463720e-03 5.218458418760269825e-05
7.857832276718693457e-03 5.131471396069797969e-05
7.992689786268505903e-03 5.173929397758843458e-05
8.169484376757083291e-03 4.963867859446630571e-05
8.384612151520733081e-03 4.750968333087754100e-05
8.437458862346963046e-03 4.738457484093840544e-05
8.448826421015893581e-03 4.740019536748786008e-05
8.580980247767875865e-03 4.606028844202407979e-05
8.756694061104056473e-03 4.567478333064906064e-05
8.930994421313844314e-03 4.600339310659806800e-05
9.113534674997963297e-03 4.427406942558902641e-05
9.327323004998867850e-03 4.251856373383119708e-05
9.414236042868145971e-03 4.228098997803204115e-05
9.440679377094878325e-03 4.230538468243637273e-05
9.666840733441723482e-03 4.055435547233803250e-05
9.979451659761882573e-03 4.010572880855495893e-05
1.011547675780888507e-02 3.909424200271492770e-05
1.027908037527812748e-02 3.805178513604024669e-05
1.050134200001925401e-02 3.770533516499685671e-05
1.054936578954782794e-02 3.775818979759982359e-05
1.083607522879043508e-02 3.593089862926816233e-05
1.096038686535970308e-02 3.525053884687977116e-05
1.115140994972911408e-02 3.548952612050985489e-05
1.127048401987463741e-02 3.478311328290303243e-05
1.140873587875805388e-02 3.405426300623770884e-05
1.170084579186087340e-02 3.355289760471379595e-05
1.178781230527863565e-02 3.359162655342542531e-05
1.208781968500487192e-02 3.204509202099474903e-05
1.244702662412094235e-02 3.047418853073898719e-05
1.245773789237425433e-02 3.045912581905522491e-05
1.246053365187725116e-02 3.046163575387796348e-05
1.249086129216159767e-02 3.032639479642378419e-05
1.302030722246421551e-02 2.977668345148915991e-05
1.317213930266784329e-02 2.989468937857777436e-05
1.348970954605991507e-02 2.860543862818191695e-05
1.387967055779031934e-02 2.727272918779693168e-05
1.391345222940264595e-02 2.723230826832988212e-05
1.392386312213410131e-02 2.723230826832988212e-05
1.404309933177687493e-02 2.681148862863822038e-05
1.446960683649211980e-02 2.635804864022357364e-05
1.454121519709048425e-02 2.579935997129882350e-05
1.471848723955262138e-02 2.556235819331755996e-05
1.502044129642281581e-02 2.541952774680754677e-05
1.513264663304209751e-02 2.465623215476745494e-05
1.523258179008634035e-02 2.440759846978848195e-05
1.551952333950978001e-02 2.428522395306709176e-05
1.555845994180312004e-02 2.428722513752786265e-05
1.598788185653760366e-02 2.311375993823105686e-05
1.600164020192716002e-02 2.310423903267417209e-05
1.644636923760721403e-02 2.333959574326731389e-05
1.673237896980147438e-02 2.260706602511591205e-05
1.689145147290199364e-02 2.184166361828680068e-05
1.690978141713517235e-02 2.182547184876295479e-05
1.731616809925472233e-02 2.166956892661148849e-05
1.738560102425755829e-02 2.166421287238772439e-05
1.785944067390124457e-02 2.062767732649943011e-05
1.804811762258727928e-02 2.026712545132297577e-05
1.837778385085617194e-02 2.028550389763895682e-05
1.876182487806738949e-02 1.954709232935386329e-05
1.928038245334864204e-02 1.925454908142832392e-05
1.942658978527966179e-02 1.871026221803315730e-05
1.957976308021188230e-02 1.849108931946793550e-05
1.992100894869714561e-02 1.839534712113352968e-05
1.997322915874860313e-02 1.822335769093199663e-05
2.046318510770000001e-02 1.761653180565905504e-05
2.053525026457148073e-02 1.757883055621880855e-05
2.058061223252474758e-02 1.757014173235922996e-05
2.060525723194056580e-02 1.749357673526219194e-05
2.111308592501043302e-02 1.718922224440715382e-05
2.146579667735386970e-02 1.710585794603014390e-05
2.166500710312071684e-02 1.654851189519054058e-05
2.170799298466090724e-02 1.652262382113992890e-05
2.221224144950325469e-02 1.639108819167502820e-05
2.282531133492049849e-02 1.565450279777546002e-05
2.294685138301317401e-02 1.561585266661374302e-05
2.322833395764162256e-02 1.527730203382363398e-05
2.380080992060193412e-02 1.507223941795136668e-05
2.425641047360596603e-02 1.508715021568814109e-05
2.472997928630386519e-02 1.456194195989166028e-05
2.493895481980640955e-02 1.412584102617239480e-05
2.508394212173995635e-02 1.400992236241790818e-05
2.556028067761083669e-02 1.392246078938736772e-05
2.564070509035565673e-02 1.378888209617554639e-05
2.636121581235642899e-02 1.325414893994336139e-05
2.636318765528465266e-02 1.325414893994336139e-05
2.710400033203493389e-02 1.320944668657177292e-05
2.747755213403115654e-02 1.288585034865858467e-05
2.792718467875956317e-02 1.253811297212639205e-05
2.848307007514159703e-02 1.239124092241291506e-05
2.865187623640280332e-02 1.238511620840352199e-05
2.940746848901881066e-02 1.182075702650206283e-05
2.995246451806168192e-02 1.147241964071623892e-05
3.028701669038668873e-02 1.147998475126412567e-05
3.068951285633659057e-02 1.122092420180068883e-05
3.167485656823700035e-02 1.098308401522319071e-05
3.201547334754674401e-02 1.095055207718960106e-05
3.371750102802967969e-02 1.004128497956838848e-05
3.381347356258421893e-02 1.002392456842188428e-05
3.384257169154646083e-02 1.002227276212930618e-05
3.409410653932228030e-02 9.894266968744188645e-06
3.517560323997349220e-02 9.708516592376949497e-06
3.577394112729008480e-02 9.697323307628614750e-06
3.649966272272323065e-02 9.354346557028819198e-06
3.740901054482034110e-02 8.986399938722859228e-06
3.770679055207036556e-02 8.934715596194496145e-06
3.781694661713874001e-02 8.921473451739923499e-06
3.887961300696539391e-02 8.500222407764461654e-06
3.889852039368434100e-02 8.493920981072189110e-06
3.997513056117199537e-02 8.420054752117074612e-06
4.046852110493014826e-02 8.242261297320564227e-06
4.109229478935789298e-02 8.042335619693701977e-06
4.197297228394859803e-02 7.934385775130451933e-06
4.225648039650362758e-02 7.783504978912673925e-06
4.293510210083494733e-02 7.607860226739436011e-06
4.335949341972287346e-02 7.577829053381257087e-06
4.344552367297464107e-02 7.536108654884847029e-06
4.416966347695352318e-02 7.360586083422793856e-06
4.466802510545057198e-02 7.356341722495810445e-06
4.492603084363872706e-02 7.280360373831540643e-06
4.508930536259475597e-02 7.196856730011499347e-06
4.592492616361994184e-02 7.082141749573208436e-06
4.668515383115582479e-02 7.035609819150065616e-06
4.718012591843315923e-02 6.808618101616913402e-06
4.721896072046782855e-02 6.803010112344884888e-06
4.827605892717557606e-02 6.732743952504615767e-06
4.959366401112240419e-02 6.440792489125462931e-06
4.982046127973969313e-02 6.416425524085798442e-06
4.991371034984874722e-02 6.412197211116410636e-06
5.066601367058111427e-02 6.250993408320339993e-06
5.164746220275683725e-02 6.171154893677162238e-06
5.276224725989504122e-02 6.156933220668635199e-06
5.491439466448841400e-02 5.764156414978233568e-06
5.553814194824579359e-02 5.715441894736461352e-06
5.577334797197128907e-02 5.702740316880153390e-06
5.730629259642007478e-02 5.445572138584334517e-06
5.734273860247540017e-02 5.435709349915800411e-06
5.769337023156173583e-02 5.386662706345929583e-06
5.895628987673995347e-02 5.273789813919912946e-06
5.949007502539073455e-02 5.252106502953349294e-06
6.014554746433255217e-02 5.158179147161097056e-06
6.232321060405687785e-02 5.029330351478557469e-06
6.377328280574579011e-02 4.833496182275447799e-06
6.575933011890151836e-02 4.616287742683162526e-06
6.584546327025847523e-02 4.611725414354627606e-06
6.587994811192651734e-02 4.610205640465190971e-06
6.612432116958455453e-02 4.582179988166019916e-06
6.849027313119090965e-02 4.465143133232159351e-06
6.963966588312447969e-02 4.427406942558884345e-06
7.095414655389291336e-02 4.288803027339054152e-06
7.263219314962533757e-02 4.131324623530215314e-06
7.330076344083361062e-02 4.096072097561330799e-06
7.361394784455299600e-02 4.048424091168007610e-06
7.537180913939860172e-02 3.908135866667778951e-06
7.562027521896368121e-02 3.901379077511836439e-06
7.568535012220924119e-02 3.892708939487046847e-06
7.621937068235784540e-02 3.853772362351238057e-06
7.781794927231648618e-02 3.779554355209943794e-06
7.851663313794637888e-02 3.764014628506619723e-06
7.904697686282066704e-02 3.697309200891932544e-06
8.000764676966579114e-02 3.654902125589228223e-06
8.143860043061419696e-02 3.624013511408666651e-06
8.225895955210978105e-02 3.539315410907137489e-06
8.296648228219195842e-02 3.497567491033747595e-06
8.422010924342007709e-02 3.468294332076668851e-06
8.682992755349237812e-02 3.308616534258229446e-06
8.691114945139576109e-02 3.305618963595862717e-06
8.695341485955628003e-02 3.304801915759242599e-06
8.731186899710476068e-02 3.281735959492565285e-06
9.015563018477810997e-02 3.182929964469407351e-06
9.191577910669274099e-02 3.152391424503637218e-06
9.346878127792847268e-02 3.061765632386461228e-06
9.549697281692998141e-02 2.961030533563604513e-06
9.663587504497118952e-02 2.928998522393119606e-06
9.716134164984827071e-02 2.916475201404919954e-06
1.006302821152760540e-01 2.760508705730586036e-06
1.027101055862957024e-01 2.719194725671858036e-06
1.039233714761858690e-01 2.712928232786600773e-06
1.044025289429705433e-01 2.649960105655346483e-06
1.071838340256481975e-01 2.582488298931898825e-06
1.085716920070735059e-01 2.563829893556273891e-06
1.108778317355053888e-01 2.473151876737879851e-06
1.139679520510333000e-01 2.371373705661645471e-06
1.145062684284551408e-01 2.360650958486610568e-06
1.147677946390085052e-01 2.355987149272557253e-06
1.167942299818011953e-01 2.289765516046227600e-06
1.184481975440563745e-01 2.260520328003160538e-06
1.213175040639824370e-01 2.217899606004234345e-06
1.247498840762239353e-01 2.122249549396092770e-06
1.269668159850033951e-01 2.080177941227374909e-06
1.282457965307127190e-01 2.032398542973412612e-06
1.293488595475199565e-01 2.007598128400558535e-06
1.312345954459477049e-01 1.988991743120146271e-06
1.318544691099163835e-01 1.969259238138477269e-06
1.353164830355458592e-01 1.899297077958982809e-06
1.354987912500066616e-01 1.897419981610989631e-06
1.355646851169453604e-01 1.896638405766339777e-06
1.360166661365433127e-01 1.886662622930014876e-06
1.405728685752841156e-01 1.827598970180291124e-06
1.433012570236978922e-01 1.796394267311227567e-06
1.454991904454963902e-01 1.752242991185599659e-06
1.473335709924681047e-01 1.700046975206711050e-06
1.473556131871565089e-01 1.699626775625772729e-06
1.502718381323328023e-01 1.672673235999478222e-06
1.514793491155688177e-01 1.658673669258825724e-06
1.550617952227048846e-01 1.593824856110303013e-06
1.557417841290864857e-01 1.577232769263834122e-06
1.596040064421219429e-01 1.521072849083871521e-06
1.599804992731243547e-01 1.518317946627682139e-06
1.601241586086139812e-01 1.515193431700919244e-06
1.611996947845134309e-01 1.500903275579730334e-06
1.657728421983988565e-01 1.458956591440254590e-06
1.692686510739755956e-01 1.429091776807880574e-06
1.715566212658380107e-01 1.398339590780565486e-06
1.744748036669496183e-01 1.361276867015861157e-06
1.771641233690694206e-01 1.334620706420165865e-06
1.789286822942236788e-01 1.318443585646722546e-06
1.827907698549244286e-01 1.271393505208588918e-06
1.875761530312782810e-01 1.218268217586430615e-06
1.885255959198767206e-01 1.210363536606720974e-06
1.891400040374604519e-01 1.205089163634761284e-06
1.943967183831542822e-01 1.151693616385372515e-06
1.944621616805532471e-01 1.150839837207904917e-06
1.951324025937938578e-01 1.144598099129677361e-06
1.999340780281679830e-01 1.111326533213822307e-06
2.010062028220739594e-01 1.101934397574201871e-06
2.019858498504100153e-01 1.090193475540370918e-06
2.055599670985815419e-01 1.063924879396421402e-06
2.077471541020141921e-01 1.053369831566067762e-06
2.096280788645115689e-01 1.031382353475996544e-06
2.113520657071318309e-01 1.018964785621966294e-06
2.144252808231364160e-01 1.004211241535838196e-06
2.170312238044990183e-01 9.756634336866691247e-07
2.172992423375387783e-01 9.739766059167298457e-07
2.212435977140215504e-01 9.567947428871370749e-07
2.234137649068409781e-01 9.355888280036441597e-07
2.253269559714073944e-01 9.229546468630903706e-07
2.281762982184369903e-01 9.107161787304787232e-07
2.339135356458100501e-01 8.731653208265866770e-07
2.351502821382234487e-01 8.656432833841412061e-07
2.361638159667394377e-01 8.591766203245661535e-07
2.421833937364918365e-01 8.217847686953090459e-07
2.489795005850363452e-01 7.813707376518085700e-07
2.493429178893635800e-01 7.795058036583173870e-07
2.496415025959939360e-01 7.779016748759132057e-07
2.532335887779996186e-01 7.594081193843271192e-07
2.572426858353146217e-01 7.425157960077809547e-07
2.638883503947220266e-01 7.143093651784790216e-07
2.654225149261497108e-01 7.073976503268403088e-07
2.672053284577358689e-01 6.992840023205756174e-07
2.734837478393315480e-01 6.721103688992807049e-07
2.789586873935231415e-01 6.471647991373415457e-07
2.814317238933704557e-01 6.369542158233512159e-07
2.840647596952360909e-01 6.258208713715438137e-07
2.897406869415187214e-01 6.041843640971937509e-07
2.948786442921172424e-01 5.844024062041639623e-07
3.017734327579397746e-01 5.600292455941425062e-07
3.066197900347056304e-01 5.419162200185765153e-07
3.117071408387186437e-01 5.218888437355815251e-07
3.182327944531955777e-01 5.011954932591229666e-07
3.248829134373961702e-01 4.872284147748978414e-07
3.294960266895333723e-01 4.659471646589634122e-07
3.359289258325386940e-01 4.485425081626914814e-07
3.415408834869122501e-01 4.312901494371596372e-07
3.483131368596094624e-01 4.097422385142561291e-07
3.515587575846579882e-01 4.014209711276472620e-07
3.600480365999262355e-01 3.838560028995036210e-07
3.669264355951835643e-01 3.592201761082172070e-07
3.681910986389355100e-01 3.548367792979716675e-07
3.758149154185670970e-01 3.349212802350729991e-07
3.810657093817759189e-01 3.214823775179465496e-07
3.892034803487372518e-01 2.956154775046428544e-07
3.915101118071382391e-01 2.911432897686048081e-07
3.952764928231499719e-01 2.789318704644220016e-07
4.024815454566363360e-01 2.574626800494862700e-07
4.042465384746828927e-01 2.485614218706788414e-07
4.085172211230905237e-01 2.304149933925668857e-07
4.104928654663751453e-01 2.071454545804478018e-07
4.104928654663751453e-01 2.062087956588190380e-07
4.102166216346148642e-01 2.050059140856710119e-07
4.039896066966036647e-01 1.712701385345061342e-07
3.998410176060783749e-01 1.651445705671153086e-07
3.892034803487364747e-01 1.529871746966659789e-07
3.864621259898855521e-01 1.498925788982235509e-07
3.840415805921926773e-01 1.477953431104124729e-07
3.681910986389347329e-01 1.367347499153029318e-07
3.649010860281487467e-01 1.346550765641326463e-07
3.600615023084874355e-01 1.322687350247896861e-07
3.483131368596094624e-01 1.266374822211873802e-07
3.406734021602038642e-01 1.237287586081703490e-07
3.335752859174201945e-01 1.213059350520811081e-07
3.294960266895333723e-01 1.196776820851937856e-07
3.282537674794695493e-01 1.192740453000831178e-07
3.252597916105677278e-01 1.183635178693924815e-07
3.158967939797333591e-01 1.152453062936160126e-07
3.117071408387186437e-01 1.138953173125923214e-07
3.033349325339242952e-01 1.118584420157422497e-07
3.028588400572783668e-01 1.117478910780102827e-07
2.948786442921169093e-01 1.095325938767681164e-07
2.913379697293684290e-01 1.085174476611964714e-07
2.795226274021879731e-01 1.059288638747755803e-07
2.789586873935225309e-01 1.057805826353368534e-07
2.787084127316087345e-01 1.057457231081418483e-07
2.674852853726862878e-01 1.030957511563361784e-07
2.638883503947217490e-01 1.021318454805795856e-07
2.581775820412775535e-01 1.013855912524484198e-07
2.558323330592350286e-01 1.008689534808195658e-07
2.496415025959934364e-01 9.925296445040357300e-08
2.447144944234011521e-01 9.864960111083045790e-08
2.399385621459426410e-01 9.784813078303463062e-08
2.361638159667391879e-01 9.708516592377008419e-08
2.339222839548670274e-01 9.662228358539287147e-08
2.236143860647417103e-01 9.496471460211024564e-08
2.234137649068407283e-01 9.491777566180870017e-08
2.232884680957039902e-01 9.490213450469030920e-08
2.225881034272595982e-01 9.480052978978217737e-08
2.113520657071316367e-01 9.261543411578271881e-08
2.039213548426242750e-01 9.113167206201283026e-08
1.999340780281677887e-01 9.065981524112138478e-08
1.948479971158365853e-01 9.003447108929169734e-08
1.891400040374604519e-01 8.897247139486075227e-08
1.849292410481092885e-01 8.873817786221710182e-08
1.827019208257242844e-01 8.845346663555167797e-08
1.789286822942234845e-01 8.753985849409642315e-08
1.762653062635330392e-01 8.742452201656619444e-08
1.712041008834506162e-01 8.679288230217522915e-08
1.692686510739752626e-01 8.632214917244715467e-08
1.678502673879297136e-01 8.627237292461468608e-08
1.606640309980292836e-01 8.540240147652482593e-08
1.601241586086136481e-01 8.532502782789827120e-08
1.597234318847206569e-01 8.526177425851154400e-08
1.560449578106389568e-01 8.483428982440743327e-08
1.557417841290861804e-01 8.479235812712095522e-08
1.520071285980829912e-01 8.424912839566189110e-08
1.514793491155685123e-01 8.419360968342596972e-08
1.508405340421053731e-01 8.411733118704155838e-08
1.446527828694341988e-01 8.325536958828745215e-08
1.433012570236975869e-01 8.292672837215205624e-08
1.416865456624924469e-01 8.294039582014521353e-08
1.375667614903186287e-01 8.238866185854688968e-08
1.355646851169452216e-01 8.189456522337887050e-08
1.332275203776084327e-01 8.193506389795524691e-08
1.307447070838359537e-01 8.161835951443749507e-08
1.282457965307128578e-01 8.100864135386706107e-08
1.253766339770213123e-01 8.108878229594364603e-08
1.242005647697144166e-01 8.094191774198667511e-08
1.213175040639826868e-01 8.066892502614504686e-08
1.180766739570650037e-01 8.036373635887806533e-08
1.179310372921610894e-01 8.034387290284824309e-08
1.147677946390087411e-01 7.955990312389930552e-08
1.120073085895013920e-01 7.971082799029683026e-08
1.111975898447862821e-01 7.964517333592183363e-08
1.085716920070739500e-01 7.898508505996279194e-08
1.045744708405435264e-01 7.870572038282164279e-08
1.027101055862960077e-01 7.849846255375766339e-08
1.011093806493539998e-01 7.834337742707636108e-08
9.716134164984867316e-02 7.810488792861465819e-08
9.310942251260377611e-02 7.790563144548923067e-08
9.083250557532560054e-02 7.774531106669720288e-08
8.695341485955664085e-02 7.759171390028902089e-08
8.592219821971910920e-02 7.775812454694144313e-08
8.320574747247404257e-02 7.768127533082475580e-08
8.225895955211021127e-02 7.745756532691317477e-08
8.135032223425617270e-02 7.762368826564267509e-08
7.864888455242992349e-02 7.755975270565794840e-08
7.781794927231695802e-02 7.734276544793393308e-08
7.702747471333259988e-02 7.748309954263013261e-08
7.431934460207524629e-02 7.738101315680426521e-08
7.361394784455345397e-02 7.718996356892692718e-08
7.294797719085674426e-02 7.731727747870256508e-08
7.023339448795253015e-02 7.722177237907848651e-08
6.963966588312490991e-02 7.705650958304113208e-08
6.907420233008627897e-02 7.717088457239486164e-08
6.638201265975327003e-02 7.708191158902689322e-08
6.587994811192691980e-02 7.693596432563056356e-08
6.539879954255095607e-02 7.704381171939040338e-08
6.274652182845938397e-02 7.696132659335989527e-08
6.232321060405732194e-02 7.682826789870480970e-08
6.191664737994428264e-02 7.692328632619704519e-08
5.930791492727662678e-02 7.682826789870480970e-08
5.895628987674031429e-02 7.670807969682078258e-08
5.862209441084004907e-02 7.679029339948709404e-08
5.605565255999944707e-02 7.669543924967158094e-08
5.577334797197174704e-02 7.659439063070105288e-08
5.550284291113921631e-02 7.666384724405695800e-08
5.298569727002334223e-02 7.656914928510933140e-08
5.276224725989541592e-02 7.648717234513346462e-08
5.254759991240353506e-02 7.654391625769237039e-08
5.008761809616978783e-02 7.644936644183996950e-08
4.991371034984905253e-02 7.638639812426663638e-08
4.974412705115990874e-02 7.643676862711279722e-08
4.736930484796005036e-02 7.640528317182048360e-08
4.721896072046816162e-02 7.635493341734232437e-08
4.706909376604744705e-02 7.640528317182048360e-08
4.480857128070175194e-02 7.639898763725289027e-08
4.466802510545089117e-02 7.634864203142266181e-08
4.452791976611189528e-02 7.639898763725289027e-08
4.239578051600779995e-02 7.642417288833380908e-08
4.225648039650392596e-02 7.637381068586072755e-08
4.211606284594391486e-02 7.643047049825098573e-08
4.012191253390979401e-02 7.648087006317763319e-08
3.997513056117227986e-02 7.642417288833380908e-08
3.982590656143905616e-02 7.648717234513346462e-08
3.796574198005282785e-02 7.652499694428282889e-08
3.781694661713904532e-02 7.646196633285779194e-08
3.766591696825659363e-02 7.653130286244284148e-08
3.592678865431080115e-02 7.656914928510933140e-08
3.577394112729034154e-02 7.649977846707620718e-08
3.562174387733029607e-02 7.657545884157130813e-08
3.399860897835582652e-02 7.662595401430169399e-08
3.384257169154670369e-02 7.655022373486784731e-08
3.368473089242477597e-02 7.663226825166518857e-08
3.217632074947555237e-02 7.668911980723360958e-08
3.201547334754700075e-02 7.660701442366940626e-08
3.185185612309598957e-02 7.670807969682094140e-08
3.045967827396388675e-02 7.679029339948725286e-08
3.028701669038696628e-02 7.670807969682094140e-08
3.010857689184199409e-02 7.682193751163948625e-08
2.884109163412771834e-02 7.692962506474722916e-08
2.865187623640309822e-02 7.684093023781454904e-08
2.845432311320919908e-02 7.698035378076760282e-08
2.731362156835184449e-02 7.710096858872377785e-08
2.710400033203521145e-02 7.699938567227657095e-08
2.688492540121699761e-02 7.716452595488496478e-08
2.587188621402683464e-02 7.729816701406870640e-08
2.564070509035594470e-02 7.718360337937282284e-08
2.539733816713896433e-02 7.738738961359095648e-08
2.450991842997135226e-02 7.752141664981561591e-08
2.425641047360621583e-02 7.738101315680442403e-08
2.398936989618086560e-02 7.761729233865398954e-08
2.322138525505385021e-02 7.775171754286199922e-08
2.294685138301340993e-02 7.759810771952863643e-08
2.265691386700518020e-02 7.787995798623681285e-08
2.200306127025636674e-02 7.800198231731349761e-08
2.170799298466115010e-02 7.783504978912769799e-08
2.139446620775582383e-02 7.816283198374418959e-08
2.085177650196411506e-02 7.828529952911122908e-08
2.053525026457173400e-02 7.809845235241603909e-08
2.019858498504108549e-02 7.847259372961273687e-08
1.976442688851302865e-02 7.858907061288922343e-08
1.942658978527988037e-02 7.838857891207873064e-08
1.906527102241336452e-02 7.882903853976429723e-08
1.873798310502478720e-02 7.892653144813819475e-08
1.837778385085637664e-02 7.871220599995706915e-08
1.799083520086847479e-02 7.922626219780255669e-08
1.776816880415304362e-02 7.929810542046932237e-08
1.738560102425779075e-02 7.906973919710023784e-08
1.697250604135965707e-02 7.966486405210731160e-08
1.685169968806799964e-02 7.971082799029730672e-08
1.644636923760739791e-02 7.946162785190708980e-08
1.600762578354740853e-02 8.014550817253106616e-08
1.598608816208648559e-02 8.015211243304212472e-08
1.579886578089928148e-02 8.025785464473968443e-08
1.555845994180331086e-02 8.036373635887839620e-08
1.516040344660366836e-02 8.054936559006832652e-08
1.510155155587037182e-02 8.058919903366109108e-08
1.471848723955278791e-02 8.034387290284841514e-08
1.437790322510984833e-02 8.095525806630626403e-08
1.424569795005613607e-02 8.104870191948788152e-08
1.392386312213425917e-02 8.083527425595107924e-08
1.346249390706511125e-02 8.121583429588513635e-08
1.317213930266799074e-02 8.137660561266975476e-08
1.291216955677283382e-02 8.152425888330165942e-08
1.195832130802197343e-02 8.243619733615418141e-08
1.178781230527878136e-02 8.254495287067059302e-08
1.163495433098077000e-02 8.264704148770827195e-08
1.061387162590606177e-02 8.380600175303499437e-08
1.054936578954795631e-02 8.385435498793156224e-08
1.049074336448187379e-02 8.390273612101309794e-08
9.979451659762004004e-03 8.457604097304300996e-08
9.792010748015729515e-03 8.483428982440794943e-08
9.457995791316339135e-03 8.514943922758825820e-08
9.440679377094994551e-03 8.517049076619290861e-08
9.418109758589632979e-03 8.524772427895759713e-08
8.979221717725574189e-03 8.575498511653049265e-08
8.930994421313953602e-03 8.571966134763643367e-08
8.874724614770486755e-03 8.591766203245731680e-08
8.524364901321785856e-03 8.636483738525543665e-08
8.448826421015988991e-03 8.630792445754464246e-08
8.369573977586537705e-03 8.645027715210834578e-08
7.992689786268596108e-03 8.693603486600235199e-08
7.672558857976690024e-03 8.735971203981920109e-08
7.560896355738072790e-03 8.759758378026952982e-08
7.428322023089416887e-03 8.789402385666312637e-08
7.152697435850040482e-03 8.830781540418662884e-08
6.918019928414329001e-03 8.867970094435623316e-08
6.766536426595613080e-03 8.906782975003865089e-08
6.586270343411678406e-03 8.954615675711274686e-08
6.401223541619593081e-03 8.987881019144342807e-08
6.243052102950323416e-03 9.017553942564630645e-08
6.055406758216180102e-03 9.075698204706211426e-08
5.832032109866109280e-03 9.146267866553787391e-08
5.728486459102353004e-03 9.169660952971266185e-08
5.639841408928134882e-03 9.188569919919943784e-08
5.419215987034027224e-03 9.269941878287387684e-08
5.156254317247573569e-03 9.371319492350653845e-08
5.126642460236713154e-03 9.379044640235169908e-08
5.101014697299924468e-03 9.385229343354408939e-08
4.886642017751479175e-03 9.480052978978237590e-08
4.849864441274379621e-03 9.490213450469050772e-08
4.846419438693324970e-03 9.493341939680143003e-08
4.610562335539730890e-03 9.573467811658209427e-08
4.587857574912116917e-03 9.572678990584087949e-08
4.559974856862348928e-03 9.596371920227719652e-08
4.381920570939158883e-03 9.663024558783720038e-08
4.340167563230103859e-03 9.683748809926204960e-08
4.288695714561304578e-03 9.708516592377028271e-08
4.165863557221961833e-03 9.759046474471614970e-08
4.105849880763919220e-03 9.755830423496107331e-08
4.031896318030610618e-03 9.830878473517408827e-08
3.961792832529459872e-03 9.862521794868783730e-08
3.884182579997615820e-03 9.860084081331685297e-08
3.788206124443792636e-03 9.966273011134766611e-08
3.769269120495119529e-03 9.975310534188789890e-08
3.674345270421879635e-03 9.973666738827151018e-08
3.584626135813818570e-03 1.008107890574911875e-07
3.560176618742906269e-03 1.009770621726615433e-07
3.475974111750508317e-03 1.014608066767917479e-07
3.408390736590009764e-03 1.018545058692400192e-07
3.380841557292765635e-03 1.020561325984488279e-07
3.345748124954080454e-03 1.023255892450746670e-07
3.288312647921751673e-03 1.023340212191644333e-07
3.242153329731105489e-03 1.029768884971381160e-07
3.142353702792536913e-03 1.038118138408180283e-07
3.110782682163510445e-03 1.038289234337634760e-07
3.085523597331894623e-03 1.042146356654652112e-07
3.025644906851340625e-03 1.047656735463932188e-07
2.948896726813362863e-03 1.054933348573566619e-07
2.942837233486402752e-03 1.054933348573566619e-07
2.937888728635547776e-03 1.055802971696830152e-07
2.903155659981913016e-03 1.059288638747755803e-07
2.862188845271041848e-03 1.062698243585214996e-07
2.795644460598891400e-03 1.068229265388550832e-07
2.783854735914293149e-03 1.068317291087245896e-07
2.768384960867466358e-03 1.071137946617290410e-07
2.660386752047676565e-03 1.080979941363260992e-07
2.633559527137496140e-03 1.081425396758526439e-07
2.597951128928146190e-03 1.088488004401761955e-07
2.533093656911508847e-03 1.095055207718964600e-07
2.491378480888592657e-03 1.095957904871510050e-07
2.436095932785291816e-03 1.107943481369016317e-07
2.413154394668048496e-03 1.110502679161040050e-07
2.356873528422313933e-03 1.111967731120697747e-07
2.298464285425503174e-03 1.125796937672410847e-07
2.283897374383010281e-03 1.128025516097677891e-07
2.229546867013229659e-03 1.135018297686622905e-07
2.188406462296569894e-03 1.140361789283195493e-07
2.141447888309684373e-03 1.148282295365705148e-07
2.109177722915139049e-03 1.149512994134091810e-07
2.084709800632823188e-03 1.156353093727803767e-07
2.005931684375177482e-03 1.171120245159492661e-07
1.995307088027723549e-03 1.171602846003182260e-07
