1.995307088027704900e-03 4.949164863331286489e-03
2.032285260429804886e-03 4.770582696143937408e-03
2.053832249027848049e-03 4.703059522185142234e-03
2.066313465304308716e-03 4.681407722544336271e-03
2.096123996662931522e-03 4.544952455000351305e-03
2.102719367957877564e-03 4.500975129608050795e-03
2.133294460397608915e-03 4.393970560760795084e-03
2.138486676784406935e-03 4.387819797154218771e-03
2.139766697853866251e-03 4.387458255778253075e-03
2.147623562176756082e-03 4.356476881271780996e-03
2.192666508806347114e-03 4.286329959598751335e-03
2.215913914662435112e-03 4.289863350264478542e-03
2.246117969733021046e-03 4.178226545737184772e-03
2.294084483519099379e-03 4.047089950759765430e-03
2.294685138301310375e-03 4.046423045437229880e-03
2.295543489383718595e-03 4.043756522935195927e-03
2.355816027590288721e-03 3.965552924372987668e-03
2.376345389817931166e-03 3.945345374159835335e-03
2.409637222123244341e-03 3.851867528628433266e-03
2.460083476918102294e-03 3.727593720314941773e-03
2.460635567660274768e-03 3.726979463621228703e-03
2.460819625439608464e-03 3.726979463621228703e-03
2.461740120872230649e-03 3.724523448890992069e-03
2.525715069937769543e-03 3.650387458195304344e-03
2.548392053654833199e-03 3.632683807330253263e-03
2.581293085653529103e-03 3.538732179915413459e-03
2.625495501976150576e-03 3.433320018281996698e-03
2.635332991537927497e-03 3.422304412851625427e-03
2.638982197545218684e-03 3.421740463679248147e-03
2.659988797999838801e-03 3.369975022076714902e-03
2.698868862235285441e-03 3.333793800271580600e-03
2.732894842205024072e-03 3.339292420862576775e-03
2.767867334341937192e-03 3.258562476153229696e-03
2.781045089134332078e-03 3.225437313508187562e-03
2.823594744396197911e-03 3.162277660168379394e-03
2.828456515000951632e-03 3.158111261312234342e-03
2.830043684212114885e-03 3.153430623738977603e-03
2.840541361399745880e-03 3.135035658687287865e-03
2.895457040701660077e-03 3.073646226444606746e-03
2.930755575006359533e-03 3.056220292683639161e-03
2.964377252063900813e-03 2.991933274887376322e-03
3.016267498780517316e-03 2.912632654908738419e-03
3.030287872435662774e-03 2.902091736399847657e-03
3.034937962824829985e-03 2.901852613945402667e-03
3.054295080977259026e-03 2.869278395179274566e-03
3.107062018231864214e-03 2.835200252641065146e-03
3.142941363049521659e-03 2.837069832381727569e-03
3.184113686298375035e-03 2.766429158002099622e-03
3.241668352108860365e-03 2.682695795279727187e-03
3.251503303503884123e-03 2.676733969381372633e-03
3.254666523198783586e-03 2.675190474754340474e-03
3.268939137072296008e-03 2.655424648816788035e-03
3.370489335858774770e-03 2.602997822174616706e-03
3.439764548786719729e-03 2.592295535353380219e-03
3.478184783001143140e-03 2.470911227985606636e-03
3.486259151920344159e-03 2.464201454394431435e-03
3.490303362699169031e-03 2.462374680449590150e-03
3.515719057962572724e-03 2.429122800117606857e-03
3.566039920424530010e-03 2.393754389800591218e-03
3.580204830759603930e-03 2.371373705661657550e-03
3.614511710811931823e-03 2.348621621420875650e-03
3.652697399436690209e-03 2.332998181254371077e-03
3.678194962987144101e-03 2.298461110823912888e-03
3.704286098745046638e-03 2.275845926074790936e-03
3.735448691172554240e-03 2.264995155269342638e-03
3.743000235764884845e-03 2.264621914905788798e-03
3.773782768302207710e-03 2.232568291847397256e-03
3.828226816334646260e-03 2.210237167466462885e-03
3.876201229477511771e-03 2.211876886921629228e-03
3.927272949925607673e-03 2.161963053925616829e-03
4.013842166780468880e-03 2.096179992453129758e-03
4.013992283496395710e-03 2.096179992453129758e-03
4.014292533771439409e-03 2.096007274375864034e-03
4.121542393748849238e-03 2.054625188816253892e-03
4.156836987540951482e-03 2.037260968773623761e-03
4.212866553917999149e-03 1.992600656688383980e-03
4.291102287106445153e-03 1.930697728883251597e-03
4.300098762526085271e-03 1.925930939326345182e-03
4.304604070823970889e-03 1.924503198727762479e-03
4.333193491103895338e-03 1.901019380880993081e-03
4.398832732175140918e-03 1.871180400682131203e-03
4.457790686815723755e-03 1.858886148562858978e-03
4.505053719703625004e-03 1.823086725951211491e-03
4.579629048779868157e-03 1.778279410038924703e-03
4.616256060765026696e-03 1.769655109693721523e-03
4.652653964817852865e-03 1.745757706750287325e-03
4.722072669805670898e-03 1.727583963649062223e-03
4.780533339898081907e-03 1.728438292145177734e-03
4.843882581701291178e-03 1.689573084862571817e-03
4.932360756227833175e-03 1.652126241332766560e-03
4.950471557415694890e-03 1.648318850402239908e-03
4.961592608096961586e-03 1.646554116998224203e-03
4.975715143976180282e-03 1.637893706954066326e-03
5.037881187957014666e-03 1.623248670440404677e-03
5.092818045005388997e-03 1.612716291194734057e-03
5.126642460236676725e-03 1.587664229701102455e-03
5.162042735212808535e-03 1.571913238059153206e-03
5.201187627564167644e-03 1.560813409894211759e-03
5.298371569200677547e-03 1.508590708600180894e-03
5.305311503647848308e-03 1.506230707397437831e-03
5.308884151612744753e-03 1.505486211154265837e-03
5.331766257602172168e-03 1.493501124609988287e-03
5.428953055231091653e-03 1.464617792555062900e-03
5.497809772761017705e-03 1.454635156280459840e-03
5.558385638215073560e-03 1.425798377711749937e-03
5.653991087183856193e-03 1.389495494373138920e-03
5.683247160971967304e-03 1.383782550938874234e-03
5.693245705659210308e-03 1.383440522244081200e-03
5.720351121786340816e-03 1.374124402397401429e-03
5.895849482757018270e-03 1.351441679912119762e-03
6.020631157938406523e-03 1.344555042379400869e-03
6.105434916141570453e-03 1.294651495044799603e-03
6.156336858539323935e-03 1.279802213997956531e-03
6.282400943802475025e-03 1.260752479904472464e-03
6.322707143406509217e-03 1.246908329807265830e-03
6.381384172774159924e-03 1.228247006346924741e-03
6.418483549251524471e-03 1.221283501311580880e-03
6.434105469282489463e-03 1.213059350520814903e-03
6.540858368788923100e-03 1.178768634793588965e-03
6.545752637567537127e-03 1.177991846738047493e-03
6.547466496692243808e-03 1.177700683206939648e-03
6.559476081747337914e-03 1.173825372628548979e-03
6.700307347519657980e-03 1.146202575306404974e-03
6.780469165333899255e-03 1.138015062472500080e-03
6.857228928903059441e-03 1.114903635983592817e-03
6.978827832225558379e-03 1.085711119402206059e-03
7.021501025581215402e-03 1.081336290996664281e-03
7.064699359360895881e-03 1.070167507265711764e-03
7.187826460470152917e-03 1.056673311684698177e-03
7.271373014640940616e-03 1.056238052045766927e-03
7.370485597273214798e-03 1.032402688492951859e-03
7.491093509463529407e-03 1.012269861941428708e-03
7.529855506270224756e-03 1.012770451786560713e-03
7.553547898962749592e-03 1.007443564985494814e-03
7.591497316161795531e-03 1.000000000000001105e-03
7.662808878529612025e-03 9.896713133333782508e-04
7.737683593450535649e-03 9.819544113521861978e-04
7.797818149276230029e-03 9.678962348879166164e-04
7.846379486127994310e-03 9.597162693679230387e-04
7.914163452783978814e-03 9.537249232054998728e-04
8.074712700266573409e-03 9.210553176894829526e-04
8.075014692547845610e-03 9.210553176894829526e-04
8.075014692547845610e-03 9.210553176894829526e-04
8.076222774621517192e-03 9.208276610046038473e-04
8.265677496776507871e-03 8.961997318221747756e-04
8.315286340641474955e-03 8.839517733744377400e-04
8.362377747194203043e-03 8.784334121314184805e-04
8.457362139491230585e-03 8.712248624144199125e-04
8.509712561262157415e-03 8.603101055605085574e-04
8.595112376958355394e-03 8.483428982440742580e-04
8.645728338468560564e-03 8.451334264627564669e-04
8.659643233600662973e-03 8.426995734996752972e-04
8.713897518511450752e-03 8.360597805877964398e-04
8.863446971393061993e-03 8.253135058629119340e-04
8.967811283629310154e-03 8.203639822633453744e-04
9.080193727029039694e-03 8.046312732609709134e-04
9.281390508979366072e-03 7.813707376518116846e-04
9.284862310603325675e-03 7.810488792861457457e-04
9.286598698383906336e-03 7.809201730648631648e-04
9.295285509401734689e-03 7.796985212694661780e-04
9.510135841250190458e-03 7.610995310245436719e-04
9.617078018960894745e-03 7.557251415186567707e-04
9.735048011270336712e-03 7.406215344564094768e-04
9.942942841788170172e-03 7.196856730011543359e-04
9.954849378763787685e-03 7.189743996757899051e-04
9.958945542952438515e-03 7.189151586390655178e-04
9.976466329789377904e-03 7.167857291127280404e-04
1.031335146309530007e-02 6.924035566040437437e-04
1.047427785571712275e-02 6.875142533568819872e-04
1.058453802560295996e-02 6.628703161826461198e-04
1.065284398181227943e-02 6.589492828884064212e-04
1.067997008902217201e-02 6.566727333250346656e-04
1.079239553091060864e-02 6.467916221979462359e-04
1.090518872998276316e-02 6.412725597819544281e-04
1.095423996781457084e-02 6.361674269215441060e-04
1.106003488706463860e-02 6.281974835891369858e-04
1.115641569939790877e-02 6.231450913759672017e-04
1.125489910307277304e-02 6.117992385883804993e-04
1.127048401987466170e-02 6.105402296585338544e-04
1.139935286836231236e-02 6.038359711188902128e-04
1.145319658697456153e-02 6.012541904751899421e-04
1.164235400031515127e-02 5.844024062041639801e-04
1.171354309328523878e-02 5.791293176938456817e-04
1.186077795766056313e-02 5.737146810084240399e-04
1.191947553490414584e-02 5.689129320511201798e-04
1.201705218087271293e-02 5.623413251903490971e-04
1.228286380074155096e-02 5.529675995248798477e-04
1.248945993150658851e-02 5.387106585542796554e-04
1.253860122633189238e-02 5.357447400582529594e-04
1.271949457641020909e-02 5.306920016973539888e-04
1.279296329547310873e-02 5.249943081246010107e-04
1.290106756433639056e-02 5.179474679231222799e-04
1.308376449442615747e-02 5.098176064420440173e-04
1.317213930266788319e-02 5.038040636766291311e-04
1.335967422390301959e-02 4.932066401581275102e-04
1.359708917861168244e-02 4.770582696143947058e-04
1.362304836081860288e-02 4.756452211442199242e-04
1.364038201008861521e-02 4.742754368064940463e-04
1.375873424978843289e-02 4.674854598928888136e-04
1.388070876977686059e-02 4.615146737638473940e-04
1.391345222940266156e-02 4.604131551605485919e-04
1.394940274399322083e-02 4.578405827854432160e-04
1.412579807311814366e-02 4.504685460744372260e-04
1.423291707102515742e-02 4.472876304016925328e-04
1.436285494525849256e-02 4.393970560760808528e-04
1.437467726700084568e-02 4.389989671132813994e-04
1.455590596158562976e-02 4.343215084032561713e-04
1.462794140627405107e-02 4.305444904569701112e-04
1.485674696316585837e-02 4.216965034285844057e-04
1.487898872803164116e-02 4.212450240890285654e-04
1.491074078741675205e-02 4.200665159141261169e-04
1.514850144061973339e-02 4.166193902440470552e-04
1.526052190810129293e-02 4.118069511360329107e-04
1.547373818298285013e-02 4.047089950759777681e-04
1.561909243913859810e-02 4.005948952592917152e-04
1.568699979422326710e-02 3.976678392274708685e-04
1.592879606925610633e-02 3.884058069339585417e-04
1.595144959633892565e-02 3.877342908367873635e-04
1.596338544287942071e-02 3.870639357260399912e-04
1.613504831764952033e-02 3.787972466720823900e-04
1.624524821242923425e-02 3.738667668648236377e-04
1.625801191992791092e-02 3.734664952960208635e-04
1.626956867718662436e-02 3.727593720314956844e-04
1.653146951182809729e-02 3.628196584807225956e-04
1.659651458356311421e-02 3.610898080928821993e-04
1.666181558302154073e-02 3.577432338979960711e-04
1.682273367860320779e-02 3.526215933687667841e-04
1.695347404880818976e-02 3.496414883002773102e-04
1.713962948351645602e-02 3.433320018282007432e-04
1.732329325654781080e-02 3.388073027504145246e-04
1.742139910788681467e-02 3.371363737535781955e-04
1.770051762092075126e-02 3.283088312975817984e-04
1.783674561443947607e-02 3.248107570022619570e-04
1.804069434140156275e-02 3.221453136594529297e-04
1.812522990205824719e-02 3.197124282613547554e-04
1.827497572429302372e-02 3.162277660168395657e-04
1.851022263811485241e-02 3.094229580644252721e-04
1.868270296073828995e-02 3.052696670545895102e-04
1.889208477167763148e-02 2.990208025763997548e-04
1.918902393734811182e-02 2.912632654908750454e-04
1.928831583427124963e-02 2.892065538865499835e-04
1.934683497568758653e-02 2.882311472642809687e-04
1.964063547578250718e-02 2.811239171408478439e-04
1.970169712024894687e-02 2.800142120675196112e-04
2.003532481849655891e-02 2.747573551983826276e-04
2.014502216099294668e-02 2.717626746747967069e-04
2.028792010776776442e-02 2.682695795279738029e-04
2.056907003822413399e-02 2.628647320818147345e-04
2.074753978384896030e-02 2.592081939048596463e-04
2.099576130832310136e-02 2.540905706079095027e-04
2.133374245088980048e-02 2.470911227985616936e-04
2.148587607618857379e-02 2.434332530327793388e-04
2.181052854781080977e-02 2.357734996979444207e-04
2.220725770748615061e-02 2.275845926074797929e-04
2.224965518253187516e-02 2.268730943906986208e-04
2.239072815630012078e-02 2.242339683219856435e-04
2.269083311945385706e-02 2.195353380263022390e-04
2.304144679177576663e-02 2.150591738307132536e-04
2.340097850426093792e-02 2.096179992453134149e-04
2.369866503485013390e-02 2.062767732649955750e-04
2.386052326680868779e-02 2.035415232452011632e-04
2.420475703821935165e-02 1.996874179557411031e-04
2.463950714985379750e-02 1.930697728883257452e-04
2.467731739766344107e-02 1.924820382920335569e-04
2.470964034120090927e-02 1.920226324312178812e-04
2.512525319581707453e-02 1.856437008431801867e-04
2.514687469105765516e-02 1.853380120482523764e-04
2.514875570016510478e-02 1.852922021640959706e-04
2.536791029852789731e-02 1.814843192680244113e-04
2.558514695505216541e-02 1.778279410038930016e-04
2.558706074732376018e-02 1.778132885884683078e-04
2.558801769714139085e-02 1.777986373803526607e-04
2.562249173691326723e-02 1.772719971174085561e-04
2.606222947913238233e-02 1.710303913353791077e-04
2.608465728776978090e-02 1.706643681296349615e-04
2.649861058244988576e-02 1.656624815507220551e-04
2.657602323488740537e-02 1.649269874754804536e-04
2.665764962498886476e-02 1.637893706954067843e-04
2.696548351993878836e-02 1.603044600030142518e-04
2.710197307978896852e-02 1.590676023360264747e-04
2.725036171087900569e-02 1.571913238059156404e-04
2.744058218454954387e-02 1.540497636566949969e-04
2.756194750687146824e-02 1.524335088100106943e-04
2.765384073943063029e-02 1.508590708600182249e-04
2.792405150348022114e-02 1.470543286386611303e-04
2.802029563457149666e-02 1.459557805265098199e-04
2.810005180596690175e-02 1.447819046860877033e-04
2.841710171027917245e-02 1.409793337328663543e-04
2.851184607968445389e-02 1.400415146456195602e-04
2.861332628072099302e-02 1.389495494373141685e-04
2.942727176209275833e-02 1.312590072909831636e-04
2.962382355197748507e-02 1.299996461096915735e-04
2.981165212049140603e-02 1.279802213997956639e-04
3.012547211578480225e-02 1.245573357037393501e-04
3.028022121780925627e-02 1.228247006346927072e-04
3.047449099641409351e-02 1.202807441996639367e-04
3.059325239703167970e-02 1.189599578414802958e-04
3.067574284068307414e-02 1.178768634793590266e-04
3.101141405831224843e-02 1.140925723420683292e-04
3.106364889328185053e-02 1.135860339261207761e-04
3.155779704439522215e-02 1.087233048913714364e-04
3.156724031160716704e-02 1.086427055961238273e-04
3.157196300482665446e-02 1.085711119402206167e-04
3.161804630751050005e-02 1.080890872305402024e-04
3.247128535610324662e-02 1.000000000000000997e-04
3.252962868855514833e-02 9.891821408771714905e-05
3.268083462412318951e-02 9.601908702986779935e-05
3.356400913049725765e-02 8.483428982440725232e-05
3.392874747986437262e-02 7.860202315613388829e-05
3.399352329521078409e-02 7.733002041321375571e-05
3.425002263048499557e-02 7.196856730011528993e-05
3.426796018531229338e-02 6.826594751869158415e-05
3.438221167765886238e-02 6.386885783157106897e-05
3.445945004054340455e-02 6.105402296585326076e-05
3.423081424098065734e-02 5.776518778795287174e-05
3.413876381964437573e-02 5.509663906203423022e-05
3.393382347206664457e-02 5.179474679231212499e-05
3.384257169154618328e-02 5.091459059398771711e-05
3.362431583291575904e-02 4.844261713347560344e-05
3.318953512566540781e-02 4.556952396761963499e-05
3.298042417646004226e-02 4.393970560760794705e-05
3.268083462412312012e-02 4.242057800496294040e-05
3.211620876885108028e-02 3.883418029451408108e-05
3.162632478672737502e-02 3.727593720314938141e-05
3.047449099641399983e-02 3.339017274563870668e-05
3.020783097830984434e-02 3.228362174591921705e-05
2.991440212990068362e-02 3.162277660168379530e-05
2.841710171027908571e-02 2.776019799994885629e-05
2.824756580927830288e-02 2.720763609266720217e-05
2.808954461671297684e-02 2.682695795279721969e-05
2.638784814040145976e-02 2.298461110823903374e-05
2.625102767137217977e-02 2.275845926074781733e-05
2.470964034120083294e-02 1.954226088638480523e-05
2.465517753413608987e-02 1.940746424548797473e-05
2.458795746863302878e-02 1.930697728883245525e-05
2.383733315605829350e-02 1.782386992073834494e-05
2.331536838320939775e-02 1.684152188951459594e-05
2.306990138305516427e-02 1.637893706954061338e-05
2.305610083186877823e-02 1.635466184238289675e-05
2.304144679177567295e-02 1.633042259354605807e-05
2.234304764597320331e-02 1.508590708600173169e-05
2.230130624062012443e-02 1.500408659486218840e-05
2.224965518253176067e-02 1.493131976841804486e-05
2.192010577671872629e-02 1.439254857835979470e-05
2.159866830933229731e-02 1.389495494373133215e-05
2.154622703824735780e-02 1.380366065740708867e-05
2.148587607618846276e-02 1.372653228762759182e-05
2.082761557079992887e-02 1.279802213997949965e-05
2.078481827769020074e-02 1.274540277068160113e-05
2.074753978384885275e-02 1.270450989520674304e-05
2.042801139677003983e-02 1.233927724555413753e-05
2.038451044398455897e-02 1.228854401668866464e-05
2.003532481849645830e-02 1.193133644962033897e-05
1.996949460833059506e-02 1.187934354287294930e-05
1.982216639544213607e-02 1.178768634793584302e-05
1.934683497568746857e-02 1.146674907957270152e-05
1.902396050059521060e-02 1.129606761137912313e-05
1.898486941929095756e-02 1.127560865411968018e-05
1.868270296073817546e-02 1.109130946057327869e-05
1.821220482486217429e-02 1.085711119402201729e-05
1.809204485992384551e-02 1.078488779900011452e-05
1.804069434140148989e-02 1.076446764039410786e-05
1.794715369919863690e-02 1.072462691351206053e-05
1.742139910788675916e-02 1.044984016737004668e-05
1.716978325766343669e-02 1.034872667368931393e-05
1.702845656297536509e-02 1.029005491635611329e-05
1.682273367860315574e-02 1.018377216334272027e-05
1.672049346466281464e-02 1.014440873172456070e-05
1.636109513943339797e-02 9.999999999999978795e-06
1.626956867718655844e-02 9.964630705033839981e-06
1.624524821242916833e-02 9.954782550091370694e-06
1.620641106522459352e-02 9.944944128189556919e-06
1.581305285100996147e-02 9.813881834882068908e-06
1.568699979422320465e-02 9.773531828696158111e-06
1.552823201489000188e-02 9.763068029116907199e-06
1.532744352208229542e-02 9.727735147602237638e-06
1.514850144061968829e-02 9.682950902074168180e-06
1.493306338545183354e-02 9.669396523138496983e-06
1.484897020284023546e-02 9.654269963433240024e-06
1.462794140627396086e-02 9.597953532293124058e-06
1.438381936206537502e-02 9.582938736198343870e-06
1.436339211252263097e-02 9.580570127036458803e-06
1.412579807311805692e-02 9.518407009453044585e-06
1.393636647680953668e-02 9.507432908621718122e-06
1.381493616607920062e-02 9.490213450468992486e-06
1.364038201008853021e-02 9.444187808674514321e-06
1.350081316627130441e-02 9.436409004940265048e-06
1.329040457813011021e-02 9.406907938532773860e-06
1.317213930266778951e-02 9.374408787662962721e-06
1.278483231971051272e-02 9.322028996143597078e-06
1.266490688277023893e-02 9.304378621454627643e-06
1.228286380074146422e-02 9.286761666070255698e-06
1.189943243437747294e-02 9.281406607667713233e-06
1.186077795766046598e-02 9.280641851440018381e-06
1.182357554459966681e-02 9.279112528019361841e-06
1.145319658697447826e-02 9.176463694180725440e-06
1.108985673054801828e-02 9.269178066714245254e-06
1.103153087489452434e-02 9.266887009586934483e-06
1.067997008902210783e-02 9.262306594029991974e-06
1.033574690123848470e-02 9.257728442470276870e-06
1.029177432776513107e-02 9.256202894867452487e-06
9.958945542952377800e-03 9.150036904453380838e-06
9.644451795911885075e-03 9.272233690671382830e-06
9.588347448925282901e-03 9.276054637171520455e-06
9.286598698383838682e-03 9.293651281358384977e-06
9.009158996624215196e-03 9.311281306319573522e-06
8.967811283629245969e-03 9.313583339071132859e-06
8.924316703780250937e-03 9.316653601415088307e-06
8.659643233600609197e-03 9.333558144990456468e-06
8.415399040643062323e-03 9.348952526910275530e-06
8.362377747194152736e-03 9.352805088076176511e-06
8.306583350091436072e-03 9.356659236823928075e-06
8.075014692547795303e-03 9.372864012727840142e-06
7.863123816804954910e-03 9.393739969790462145e-06
7.797818149276174518e-03 9.401483599757910696e-06
7.726116964680392746e-03 9.413111015189438459e-06
7.529855506270163173e-03 9.439519757287162370e-06
7.355340472695862629e-03 9.462883110189630766e-06
7.271373014640880768e-03 9.477709800026576386e-06
7.178155526908445126e-03 9.494124223113323442e-06
7.021501025581143411e-03 9.516838505571535806e-06
6.881378017906703524e-03 9.537249232054940046e-06
6.780469165333829866e-03 9.556128753897391898e-06
6.668807891389967601e-03 9.577412892158670187e-06
6.547466496692190031e-03 9.596371920227662054e-06
6.446630376798621019e-03 9.641550163448833332e-06
6.420164085808036797e-03 9.646318123342341141e-06
6.322707143406464114e-03 9.636784560251535436e-06
6.236284730027478497e-03 9.681355283599409495e-06
6.186803836302592549e-03 9.694127597252104233e-06
6.105434916141527085e-03 9.690134440208120418e-06
6.034607642837386612e-03 9.728536745827294431e-06
5.959919373814888920e-03 9.748598183292593141e-06
5.895849482756976637e-03 9.745385575505591198e-06
5.839671045717845579e-03 9.777559352535726453e-06
5.741355291394249945e-03 9.804990564477200795e-06
5.693245705659169542e-03 9.801759372828261336e-06
5.651031507022902765e-03 9.826828986729490599e-06
5.530599618309735635e-03 9.861709156732967815e-06
5.497809772760977806e-03 9.860084081331665074e-06
5.468894659878308431e-03 9.877160737527807661e-06
5.327181959943720277e-03 9.919573186057614123e-06
5.308884151612700518e-03 9.918755847081876152e-06
5.291440712955583145e-03 9.922843215530964141e-06
5.126642460236635092e-03 9.978598937715895637e-06
5.068496582525719961e-03 1.000000000000000082e-05
4.957141192999767187e-03 1.003218768438307665e-05
4.950471557415654991e-03 1.003466794718039400e-05
4.942701656848487793e-03 1.003797591813106772e-05
4.644309223485173187e-03 1.014357286706722869e-05
4.616256060764993736e-03 1.015695497013253041e-05
4.582713015176498490e-03 1.017370742846874967e-05
4.352032979390235180e-03 1.026126665027430511e-05
4.304604070823936195e-03 1.024099402598846596e-05
4.248148738914648420e-03 1.031637342652999273e-05
4.079065516655067461e-03 1.038631510797964341e-05
4.013992283496358414e-03 1.042318116489027426e-05
3.935506641922707771e-03 1.047570412124507326e-05
3.876201229477476209e-03 1.050682537932670461e-05
3.826509136962114466e-03 1.053283037487028955e-05
3.743000235764854487e-03 1.059725155487077398e-05
3.640559549408614332e-03 1.067525320857419154e-05
3.614511710811905802e-03 1.069021757857153439e-05
3.592544505144654437e-03 1.070343885365227646e-05
3.490303362699140408e-03 1.078755415222461999e-05
3.406097037974407764e-03 1.085711119402203931e-05
3.373389804903406154e-03 1.087949989059204215e-05
3.370489335858747014e-03 1.088039639812123233e-05
3.366835777007764000e-03 1.088488004401764263e-05
3.266983638384290956e-03 1.095416197323761317e-05
3.254666523198757131e-03 1.096409532457768088e-05
3.239608006417820860e-03 1.097675080043250426e-05
3.164407168461932495e-03 1.103297230246619653e-05
3.142941363049496072e-03 1.103660936869185442e-05
3.115789341302682616e-03 1.108126085460703355e-05
3.066656626288546267e-03 1.112609298977125479e-05
3.034937962824805265e-03 1.113526466658722790e-05
2.994686407218484069e-03 1.120429366693993396e-05
2.972481448327988791e-03 1.122554817402660105e-05
2.930755575006335680e-03 1.123850543585878169e-05
2.881413849618207589e-03 1.132682567136153756e-05
2.878075158467914910e-03 1.133055960759955459e-05
2.830043684212088431e-03 1.137921293915316290e-05
2.791883032580357461e-03 1.141772147566078061e-05
2.767142819800401821e-03 1.144692417878164103e-05
2.732894842205001954e-03 1.145919269110260806e-05
2.705437627772537719e-03 1.151219216452985260e-05
2.660088280930678582e-03 1.156924935919176500e-05
2.638982197545197434e-03 1.157687832091904789e-05
2.620590536738749265e-03 1.159501727309097920e-05
2.548392053654817586e-03 1.170059222930827247e-05
2.494735047303870985e-03 1.178768634793591418e-05
2.464411505223315993e-03 1.182855183670481856e-05
2.460819625439593285e-03 1.183440131731735884e-05
2.456038594665195356e-03 1.184318096249114839e-05
2.389445709380241638e-03 1.194215591323617760e-05
2.376345389817911651e-03 1.195200030287258170e-05
2.358548875653635347e-03 1.199738912137301926e-05
2.317193588066377222e-03 1.206181951388662266e-05
2.294685138301293895e-03 1.207872754655998348e-05
2.264505411134640211e-03 1.216161949595137454e-05
2.247630527249743892e-03 1.218870678176544568e-05
2.215913914662421668e-03 1.221384139196156595e-05
2.179992711378121294e-03 1.231692887137091826e-05
2.174049162496668845e-03 1.232809799432243738e-05
2.139766697853853240e-03 1.238919901461639596e-05
2.113678750339478395e-03 1.243419881099274042e-05
2.087908866007505589e-03 1.248862018006294566e-05
2.066313465304293970e-03 1.250715704097020286e-05
2.049765277483178629e-03 1.255879281325976215e-05
2.004656750528297990e-03 1.265853183364967996e-05
1.995307088027692757e-03 1.266687908694882974e-05
