1.995307088027704900e-03 1.640865572897091994e-04
2.003232783371431281e-03 1.639649158358333358e-04
2.045400352242785023e-03 1.631159468421403635e-04
2.062530302289031833e-03 1.627400396256734603e-04
2.066313465304308716e-03 1.626730045542811661e-04
2.071730024448889887e-03 1.625658058698513321e-04
2.139766697853866251e-03 1.611387960610632475e-04
2.184971698473471297e-03 1.601856223121047055e-04
2.215913914662435112e-03 1.596585197592201961e-04
2.261712352991314488e-03 1.588580258384366718e-04
2.294685138301310375e-03 1.582309516321410165e-04
2.316240514736220453e-03 1.578012745767522608e-04
2.376345389817931166e-03 1.568419933649042343e-04
2.434729700708525985e-03 1.559142362110459742e-04
2.456038594665212703e-03 1.555164772077300577e-04
2.460819625439611066e-03 1.554396088817401394e-04
2.467639450654064617e-03 1.553499771873387704e-04
2.529496271895560321e-03 1.544183210677931180e-04
2.548392053654833199e-03 1.541259446734676985e-04
2.573677844812488104e-03 1.539228789630530791e-04
2.607978003597440867e-03 1.535428515972807860e-04
2.638982197545218684e-03 1.531006720400431974e-04
2.680561043188537090e-03 1.527856093510006558e-04
2.689196461844148463e-03 1.526975080417861358e-04
2.732894842205024072e-03 1.521072849083873139e-04
2.772425771446043567e-03 1.518067748502060956e-04
2.792509585618098162e-03 1.516067647179339536e-04
2.830043684212111849e-03 1.511203433264484374e-04
2.858017205011771471e-03 1.509212375889900271e-04
2.909351052196031909e-03 1.504246201743343538e-04
2.930755575006359533e-03 1.501645505459853138e-04
2.946471433692537164e-03 1.500532298226383318e-04
3.030854574951789230e-03 1.492762920315655406e-04
3.034937962824826949e-03 1.492270986840528316e-04
3.058982011328307670e-03 1.490182077515788002e-04
3.130974811831842113e-03 1.482832801323470369e-04
3.142941363049521659e-03 1.481733540416380534e-04
3.158141051102120091e-03 1.480879123136033862e-04
3.254666523198783586e-03 1.474668936060874967e-04
3.335253880462984034e-03 1.470058675294410992e-04
3.370489335858774770e-03 1.468242805610222386e-04
3.413110413378872814e-03 1.466066722542223400e-04
3.490303362699169031e-03 1.461844678158452475e-04
3.554854710602332272e-03 1.458475798692577554e-04
3.687423108162620790e-03 1.452120232699200398e-04
3.743000235764884845e-03 1.449251358036966969e-04
3.789056271827116653e-03 1.446984185815536578e-04
3.982143845814281949e-03 1.439017688230941267e-04
4.013992283496395710e-03 1.437832426311796085e-04
4.042767764835725197e-03 1.437477038142051630e-04
4.282124633712629247e-03 1.433927984123289250e-04
4.304604070823966552e-03 1.432983050488564100e-04
4.326068831467361729e-03 1.433455439443413011e-04
4.602981624583402272e-03 1.429562882987815676e-04
4.616256060765026696e-03 1.429445091885253203e-04
4.629049383426360638e-03 1.429327310488275591e-04
4.948250340312759267e-03 1.425093637375143656e-04
4.950471557415690553e-03 1.424976214523166374e-04
4.952879001135879894e-03 1.425093637375143656e-04
5.296588482437999783e-03 1.428503112398645317e-04
5.308884151612749958e-03 1.428503112398645317e-04
5.322999739346073213e-03 1.429091776807877635e-04
5.663090921226292263e-03 1.434046144631307112e-04
5.693245705659215512e-03 1.434046144631307112e-04
5.728057995152453438e-03 1.435464830429407812e-04
6.053821700219797972e-03 1.440085259319896034e-04
6.105434916141583464e-03 1.441153622413034934e-04
6.165783988338044419e-03 1.442460475945183881e-04
6.456281509538092621e-03 1.450326521228581988e-04
6.547466496692249879e-03 1.455234589307572975e-04
6.682039578075809304e-03 1.462206090752069291e-04
6.854664869498101887e-03 1.469332058079914148e-04
7.021501025581215402e-03 1.474668936060873341e-04
7.269741542765547487e-03 1.490550495978871463e-04
7.273820908981218705e-03 1.490796158888582374e-04
7.529855506270232562e-03 1.499172832253659114e-04
7.715433227417380774e-03 1.510705422799164214e-04
7.939065055238399282e-03 1.525214578005760113e-04
8.075014692547869896e-03 1.533152856944903413e-04
8.153002351194319625e-03 1.539863082407526371e-04
8.351126501764859211e-03 1.556446755671907331e-04
8.362377747194229063e-03 1.557216453031942574e-04
8.368009053069410882e-03 1.557729796056112135e-04
8.384298580803244139e-03 1.559142362110450255e-04
8.587722226745531096e-03 1.576063527308102399e-04
8.659643233600688994e-03 1.583352918392351590e-04
8.837959377199392647e-03 1.600668727185359966e-04
8.967811283629329236e-03 1.612184827612175853e-04
9.027709441141031771e-03 1.617240811148030241e-04
9.162062356677370262e-03 1.631159468421391979e-04
9.286598698383925418e-03 1.643707384084624134e-04
9.478888319844535823e-03 1.662094058055252853e-04
9.617078018960913827e-03 1.678195461397568320e-04
9.873648235581990174e-03 1.706643681296333894e-04
9.932536304472916119e-03 1.712701385345052430e-04
9.958945542952459332e-03 1.715950374064401410e-04
1.008261733674220909e-02 1.734144622365858032e-04
1.036671698255838513e-02 1.773742770775281301e-04
1.043791042349612001e-02 1.785621032949953352e-04
1.067997008902219457e-02 1.822936509827048461e-04
1.079845161054646986e-02 1.841809782220264009e-04
1.095874735549701336e-02 1.868253173322847180e-04
1.106003488706466115e-02 1.884953327074867545e-04
1.123681397687106495e-02 1.915011938730835298e-04
1.141385713930755455e-02 1.946030882555821570e-04
1.145319658697458408e-02 1.952777372140607605e-04
1.146433881062678545e-02 1.954709232935378130e-04
1.168029662964716053e-02 1.993914611783959706e-04
1.186077795766058741e-02 2.035750696449909207e-04
1.190432874442193256e-02 2.045166169062108668e-04
1.209143681046952364e-02 2.087045517758383576e-04
1.228102646811900928e-02 2.139809127925912759e-04
1.228286380074157698e-02 2.140161797451711181e-04
1.248058829762467396e-02 2.193002977340153300e-04
1.262471008484040806e-02 2.238831823653158256e-04
1.271949457641022123e-02 2.268170183053999005e-04
1.285050569118192411e-02 2.311566459010105674e-04
1.292473113990318112e-02 2.342436934765550975e-04
1.317213930266789707e-02 2.441765646994903762e-04
1.318692636379590645e-02 2.447204133538014113e-04
1.319432611818613550e-02 2.450836519020234633e-04
1.321160836370986399e-02 2.460346519876377707e-04
1.347609485614837711e-02 2.604714283644574244e-04
1.356407563215738556e-02 2.682695795279710924e-04
1.358133424590171785e-02 2.697769664554820496e-04
1.363324195568073154e-02 2.744179649684540452e-04
1.364038201008864297e-02 2.750744981063630570e-04
1.369046720436387435e-02 2.793458890838394445e-04
1.370429847133859680e-02 2.806841339850884979e-04
1.372789504290713308e-02 2.830298465452590938e-04
1.379738070040294889e-02 2.893734163085837931e-04
1.384338201845544507e-02 2.936731895192198623e-04
1.390824970249070897e-02 2.996374201920187709e-04
1.402840146621096677e-02 3.186341345105457535e-04
1.404730154967212714e-02 3.214823775179449067e-04
1.405097952182772676e-02 3.236885950905096202e-04
1.405938993187596554e-02 3.497855702405698510e-04
1.406254513335380464e-02 3.519249381388511494e-04
1.406517500881306407e-02 3.538732179915391992e-04
1.407306758648049945e-02 3.833818500711319967e-04
1.407833176525345210e-02 3.852502368566708456e-04
1.407412026474071098e-02 3.870639357260356002e-04
1.398806160690891677e-02 4.164134645718692274e-04
1.397498921149276097e-02 4.216965034285796352e-04
1.393011339663088530e-02 4.293753444272840718e-04
1.384234659833501711e-02 4.496897295002264179e-04
1.381907010906487099e-02 4.616287742683153209e-04
1.373200293994962864e-02 4.788304849445648866e-04
1.370378595309355158e-02 4.859053432240835577e-04
1.365978101312321884e-02 5.053424050231868515e-04
1.351394741037893060e-02 5.223620981258226366e-04
1.339068779708959406e-02 5.415144840203849627e-04
1.333471560652898548e-02 5.531954690636075407e-04
1.328791956754040750e-02 5.595218651771937746e-04
1.317213930266784329e-02 5.803713740863142160e-04
1.308180735904452066e-02 6.002146800966394425e-04
1.305980974856252828e-02 6.055799472804251861e-04
1.301203175101940321e-02 6.152368932644360685e-04
1.286830008100492938e-02 6.431776545233296172e-04
1.272330072250830654e-02 6.628703161826406988e-04
1.271949457641016919e-02 6.634714140812870585e-04
1.259028997824468595e-02 6.844618865490466634e-04
1.252828896852298778e-02 6.935455781811709648e-04
1.237369338876148119e-02 7.187374648148316982e-04
1.233488216961720410e-02 7.256403813413846290e-04
1.232012898500794290e-02 7.285161168500952624e-04
1.228286380074151453e-02 7.348465830057957036e-04
1.215809449704296358e-02 7.592204169395207897e-04
1.207607149850911318e-02 7.771328660308101472e-04
1.198787494262661645e-02 7.943544162085976884e-04
1.186077795766051456e-02 8.107541996864887088e-04
1.177371344574452451e-02 8.232080157839198218e-04
1.172450010117424488e-02 8.311142910167125574e-04
1.151676649026277081e-02 8.633637623177516963e-04
1.148021374339297171e-02 8.695752810554283150e-04
1.147120095074866813e-02 8.712966542850536815e-04
1.145319658697452510e-02 8.740291335042239687e-04
1.127301333643868954e-02 9.098161078395184884e-04
1.120575874825189937e-02 9.253152553788764794e-04
1.106913859878590894e-02 9.519191358332633295e-04
1.106003488706461604e-02 9.538821099900626028e-04
1.095342064198426453e-02 9.834929629037130177e-04
1.067997008902216161e-02 1.032487761960724235e-03
1.065682879001532586e-02 1.039059515048987564e-03
1.064408264778823193e-02 1.041974625123949548e-03
1.056792530355122120e-02 1.056325089627983957e-03
1.037835467285264622e-02 1.099123208946724533e-03
1.031335146309527925e-02 1.112334296010733265e-03
1.024300759651014699e-02 1.130631100641188522e-03
1.020629796898092287e-02 1.140643721500813517e-03
1.011661174933081199e-02 1.164000951281733177e-03
1.007244130529626018e-02 1.176052115379372853e-03
1.001609453199006801e-02 1.193428623992020014e-03
9.958945542952429841e-03 1.210164085175052242e-03
9.876602798554595664e-03 1.235250215842627428e-03
9.821718891880368285e-03 1.248656222549041159e-03
9.617078018960884336e-03 1.288054247298109139e-03
9.573656314257543432e-03 1.298818678415646988e-03
9.533282520750963746e-03 1.306439556389311094e-03
9.286598698383887254e-03 1.360155637134471312e-03
9.272369899019835063e-03 1.364196392211604152e-03
9.259547990645915910e-03 1.366896895780029403e-03
9.177837936913490688e-03 1.387893496933347839e-03
9.026696614521588849e-03 1.430151984112387449e-03
9.004779918668682007e-03 1.437713953827084341e-03
8.967811283629292807e-03 1.446984185815533650e-03
8.876716276169316355e-03 1.476614421339895490e-03
8.812874661778151431e-03 1.496334291178132809e-03
8.812545074746422347e-03 1.496457594176588655e-03
8.757021559321518170e-03 1.518067748502053204e-03
8.659643233600643891e-03 1.553627785500482934e-03
8.641202734223229695e-03 1.561199290577044291e-03
8.631835802722549050e-03 1.565450279777539592e-03
8.546390729254798105e-03 1.592512085653626907e-03
8.515443083822963471e-03 1.602648376467492300e-03
8.395908511254593018e-03 1.637893706954052881e-03
8.362377747194194369e-03 1.647911436430556141e-03
8.252395652194596115e-03 1.684707376880630568e-03
8.175903048090156847e-03 1.713689556247622843e-03
8.131686243921614626e-03 1.729293043125624185e-03
8.075014692547828263e-03 1.751232589078742519e-03
8.016339310941068830e-03 1.776229170168659157e-03
7.966428148227320399e-03 1.792992965736179157e-03
7.899969049465539045e-03 1.823537448597630038e-03
7.797818149276214417e-03 1.860878453854704741e-03
7.776267287452343080e-03 1.869331092357832437e-03
7.760578581739216442e-03 1.875966252731769935e-03
7.657652141678032189e-03 1.917222370748688587e-03
7.628210820401575519e-03 1.930220519495243984e-03
7.559482635982369379e-03 1.962779246009769846e-03
7.545642163274187547e-03 1.968123697181445395e-03
7.529855506270193531e-03 1.973807957435906330e-03
7.451416263543785522e-03 2.007598128400556875e-03
7.425822133737420769e-03 2.016883393648028367e-03
7.317203178287134610e-03 2.053609633412483565e-03
7.293706526506867245e-03 2.061748152568375868e-03
7.271373014640903319e-03 2.068895810173627253e-03
7.188095283422795898e-03 2.100502573015148970e-03
7.168497605201865422e-03 2.109348296696776127e-03
7.145478469623271940e-03 2.117707709917188760e-03
7.072630200272679406e-03 2.148643325538588701e-03
7.050182574749244181e-03 2.159826361882995465e-03
7.021501025581158156e-03 2.171246505839023819e-03
6.966050466260383274e-03 2.197706302285890121e-03
6.937970651995756764e-03 2.213517822843472094e-03
6.899932695201674987e-03 2.230361819865770475e-03
6.866981104810016001e-03 2.248074836262822958e-03
6.831631435824378658e-03 2.270039925101067970e-03
6.780469165333850683e-03 2.295621968467489657e-03
6.773879207975213451e-03 2.299408271694743273e-03
6.730445144983477311e-03 2.329540444005108457e-03
6.690291434255884843e-03 2.352107680864763857e-03
6.663073994042677424e-03 2.369420498989915913e-03
6.633734045450872738e-03 2.392176947236348585e-03
6.611690262414788612e-03 2.405816643670158697e-03
6.547466496692209981e-03 2.451644447698337823e-03
6.540858368788896211e-03 2.457509901231857020e-03
6.535967759462174738e-03 2.460752018305719432e-03
6.513518012819462764e-03 2.477435122597807394e-03
6.450489097453245349e-03 2.525459423332261904e-03
6.364223929442571967e-03 2.574626800494854862e-03
6.344261959976511822e-03 2.586108382658621092e-03
6.322707143406477125e-03 2.599139918382919502e-03
6.230223667076668220e-03 2.642981896499360835e-03
6.128999035583266794e-03 2.693771299389354206e-03
6.116862472489217710e-03 2.700438537884998144e-03
6.105434916141540096e-03 2.706676181284562322e-03
6.009158640401171016e-03 2.761191187683665130e-03
5.918162016676536269e-03 2.818429378587644640e-03
5.907105673620855445e-03 2.825405152980380117e-03
5.895849482756987912e-03 2.833098448041962945e-03
5.810478897767368256e-03 2.893734163085837606e-03
5.740711163721726185e-03 2.948856186821295113e-03
5.718639891927251862e-03 2.965914333953753156e-03
5.693245705659180818e-03 2.986514412580594698e-03
5.631200121147774372e-03 3.041899497647597862e-03
5.587773907357158031e-03 3.085318680190520316e-03
5.548001431382123920e-03 3.121888631611548833e-03
5.497809772760989082e-03 3.155250046793282425e-03
5.457452881654766344e-03 3.197387736450542795e-03
5.416784449937894243e-03 3.228096168566890658e-03
5.361359730723598387e-03 3.269320415049948875e-03
5.308884151612711794e-03 3.312162622454674181e-03
5.269914076535962139e-03 3.345351379009377582e-03
5.235927604344482039e-03 3.377480887281549861e-03
5.183322584654316903e-03 3.425690060297790964e-03
5.126642460236640296e-03 3.483187159960556088e-03
5.101396257840504385e-03 3.511139130584583004e-03
5.077413595659613886e-03 3.533778595269198089e-03
5.021328185677335736e-03 3.599312726724409293e-03
4.950471557415659328e-03 3.672411436895635546e-03
4.937713161717914058e-03 3.684839290266944244e-03
4.925540247730815849e-03 3.697309200891932615e-03
4.854037984128474308e-03 3.771154951491192345e-03
4.780533339898057621e-03 3.854089926207416965e-03
4.774101323130031625e-03 3.861719314217956344e-03
4.768926270368688963e-03 3.868088673155539985e-03
4.697413134603436145e-03 3.956414149223071511e-03
4.616256060765003277e-03 4.035102454414270581e-03
4.611597035705555098e-03 4.041757784279247437e-03
4.606598135104471824e-03 4.047089950759740276e-03
4.526332896479505312e-03 4.127921814939370000e-03
4.457790686815705540e-03 4.204127932936766246e-03
4.444639468192870986e-03 4.218355174737572523e-03
4.431361316006528217e-03 4.234374765813927848e-03
4.367032866943444842e-03 4.313967775173064775e-03
4.304604070823949205e-03 4.398679902861817384e-03
4.293189075634338409e-03 4.415020481052996451e-03
4.283406004750460461e-03 4.430326450736746594e-03
4.222962294291910529e-03 4.521792417370678989e-03
4.156836987540929798e-03 4.632291464646436964e-03
4.155904321506311352e-03 4.634200361515307051e-03
4.155127259665323744e-03 4.635346077197019868e-03
4.149226335906579244e-03 4.646053092171624314e-03
4.095421412975577477e-03 4.757236139187870187e-03
4.084713892186874959e-03 4.775302180203060305e-03
4.052001230812685324e-03 4.849853277022673353e-03
4.038385466457683481e-03 4.887966902186194340e-03
4.013992283496379231e-03 4.934505417548200497e-03
4.001551681643147201e-03 4.960596756747830474e-03
3.975893762086426392e-03 5.011954932591209874e-03
3.944495129215127432e-03 5.053840469438159767e-03
3.930211574843024171e-03 5.074287101098316592e-03
3.901653526006030985e-03 5.117536856104418046e-03
3.876201229477496159e-03 5.143748219921819541e-03
3.839841337185686578e-03 5.190155392075792955e-03
3.824220096608944505e-03 5.217168575554322410e-03
3.808947297768587592e-03 5.234392729198930443e-03
3.757305941406378046e-03 5.309106918009637126e-03
3.750286521637829096e-03 5.322247262191511126e-03
3.743000235764865763e-03 5.331464849580992531e-03
3.682324109552361814e-03 5.430337178132941048e-03
3.680396597956992356e-03 5.434365808928845812e-03
3.617351591718879177e-03 5.548846246781561839e-03
3.614511710811917078e-03 5.554335658259439666e-03
3.614376534013013804e-03 5.554335658259439666e-03
3.614376534013013804e-03 5.554793354273719445e-03
3.602366023555316626e-03 5.578645592127531166e-03
3.552329591848671971e-03 5.682570126441844477e-03
3.551798216499149445e-03 5.683506690963256724e-03
3.496574624437474941e-03 5.811849278079925414e-03
3.493960230499295379e-03 5.819516671715138645e-03
3.490303362699150817e-03 5.826233938443068153e-03
3.445171840258865002e-03 5.944559357319248276e-03
3.438992771694800599e-03 5.965167924300268654e-03
3.429873213821385027e-03 5.985354723511715838e-03
3.397445875784897967e-03 6.080299791319845534e-03
3.387042811512290356e-03 6.119504940212511582e-03
3.370489335858757422e-03 6.160485563365261825e-03
3.352637238020214974e-03 6.219652254526820620e-03
3.335877615515726174e-03 6.277835123590117146e-03
3.312009745610551472e-03 6.331343099322353854e-03
3.301991777972990497e-03 6.361674269215402029e-03
3.280574041381143814e-03 6.427538116207633795e-03
3.254666523198767106e-03 6.475915507208320973e-03
3.242274585473105611e-03 6.507475464873744078e-03
3.223413409926940108e-03 6.573765378924247525e-03
3.198316125509471398e-03 6.626518701764066641e-03
3.186853770084863407e-03 6.656069749286532694e-03
3.167485656823670805e-03 6.723873353614516143e-03
3.142941363049505613e-03 6.777272796657101382e-03
3.128750787544435068e-03 6.808618101616899579e-03
3.108921793600393901e-03 6.866650108666973173e-03
3.088409838166797979e-03 6.906371383778395906e-03
3.065051385676824305e-03 6.964088796836700145e-03
3.050756072528806699e-03 7.011303070697982170e-03
3.034937962824811337e-03 7.044891682351605948e-03
3.006694250727953450e-03 7.123696540062900324e-03
2.995582528830513774e-03 7.164314379142618962e-03
2.982391884770883763e-03 7.195670786007981289e-03
2.953311466310053635e-03 7.286361861731553181e-03
2.943387581616628123e-03 7.327303390170275717e-03
2.930755575006344787e-03 7.360586083422785732e-03
2.904350233781641602e-03 7.452741548087802280e-03
2.893941414468370350e-03 7.500178020546966612e-03
2.879905574289653904e-03 7.541699504663113181e-03
2.859086276371707470e-03 7.623548568796490767e-03
2.847241966745251047e-03 7.683459880741460787e-03
2.830043684212094502e-03 7.740652213677193770e-03
2.817055142877451356e-03 7.797627710605199367e-03
2.802134358677905914e-03 7.874464210306427944e-03
2.781045089134314731e-03 7.944198736948911155e-03
2.773774018564659476e-03 7.976339067929232376e-03
2.754339951583279801e-03 8.057591903088551222e-03
2.732894842205007592e-03 8.132297984305213862e-03
2.703414768118772918e-03 8.228689240137821923e-03
2.672552992652377311e-03 8.345455446690771065e-03
2.655515914715507117e-03 8.413119486250342227e-03
2.638982197545202638e-03 8.483428982440673408e-03
2.610612803381354499e-03 8.610192930764579144e-03
2.587091864799254907e-03 8.731653208265849689e-03
2.568485421145038673e-03 8.820600226786183204e-03
2.548392053654817586e-03 8.926620840857789341e-03
2.527983112294363618e-03 9.041362799359997302e-03
2.505956296670813072e-03 9.135722817818357072e-03
2.485608310601305354e-03 9.254677598654064904e-03
2.460819625439595888e-03 9.374408787662942555e-03
2.425006113673722728e-03 9.557703733343952263e-03
2.407115234411207495e-03 9.718921925160814435e-03
2.376345389817916855e-03 9.829258478592837675e-03
2.350271927843253315e-03 9.999999999999958575e-03
