5.202134493091992162e-01 1.000443674793774149e-02
5.202134493091992162e-01 3.746707965541786877e-03
5.214423200457038998e-01 3.652767535472572439e-03
5.232943375821994536e-01 3.554731820853422770e-03
5.257680232367236695e-01 3.456167895715612365e-03
5.276266219376644084e-01 3.357316278544453941e-03
5.295006043878512925e-01 3.258315548588459291e-03
5.313812427004939165e-01 3.159390596606036043e-03
5.332596842255373781e-01 3.063471041985650536e-03
5.357802545155967433e-01 2.967749776811900390e-03
5.376831963922436008e-01 2.875021259404062206e-03
5.395928969871426339e-01 2.785226614656560046e-03
5.415003668465755426e-01 2.698200242531587252e-03
5.434236249651928086e-01 2.616280819611660566e-03
5.453446365116988437e-01 2.541417904370044806e-03
5.472815484028641375e-01 2.470986242588653695e-03
5.498686249638765622e-01 2.406830805238354288e-03
5.518216047989471518e-01 2.348629063796243543e-03
5.537723033437484954e-01 2.295959865436821359e-03
5.557391479545341628e-01 2.250631886504859871e-03
5.577129782482445064e-01 2.212157585711977369e-03
5.596845028961096036e-01 2.180308606583469810e-03
5.616723459890474723e-01 2.152786041352976014e-03
5.636578670676850589e-01 2.131415443663277343e-03
5.656598224408140307e-01 2.114112769809292289e-03
5.676688882004927716e-01 2.102618312607933571e-03
5.696756071555164613e-01 2.093124740434481115e-03
5.716989358613130401e-01 2.087427146349176039e-03
5.737199011018012662e-01 2.083645368407724754e-03
5.757575940105456036e-01 2.081743063402776133e-03
5.778025242355885327e-01 2.081743063402776133e-03
5.798450657624276694e-01 2.083645368407724754e-03
5.819045135459298690e-01 2.083645368407724754e-03
5.832791135857522402e-01 2.085549411746474065e-03
5.853507581483524680e-01 2.089334645491493572e-03
5.874199828075313823e-01 2.091213781050470146e-03
5.895063345814955946e-01 2.093124740434481115e-03
5.915902492724367523e-01 2.096922381544065201e-03
5.936914126685650661e-01 2.100727584943690423e-03
5.958000388104411904e-01 2.104539693497767348e-03
5.979062018504381903e-01 2.110254965438704451e-03
5.993186017712880398e-01 2.116015544604009629e-03
6.014472141177703568e-01 2.123700176393486256e-03
6.035733400163418860e-01 2.131415443663273006e-03
6.057170640051683375e-01 2.141110771699511906e-03
6.078684019030854424e-01 2.152786041352971677e-03
6.093017994709037932e-01 2.164556137226855085e-03
6.114556914592498282e-01 2.178318050974760271e-03
6.136274113596852375e-01 2.192197618233906672e-03
6.158068446028727161e-01 2.208151953789169383e-03
6.179837320338806839e-01 2.224252288284277439e-03
6.194435599659359193e-01 2.240439193955138294e-03
6.216436505451308214e-01 2.258805397982856320e-03
6.238411711821570949e-01 2.275243762505876725e-03
6.253252443899127710e-01 2.291802489764362214e-03
6.275357795223720503e-01 2.306405144682972287e-03
6.297646114061208333e-01 2.321100843191343556e-03
6.319908397747705520e-01 2.335890178134383301e-03
6.334811197922566306e-01 2.348629063796238772e-03
6.357310678647309921e-01 2.359280746048050218e-03
6.379890071245847283e-01 2.370013340168726761e-03
6.394934312536314502e-01 2.378620403525037296e-03
6.417540511621449006e-01 2.385115093436252810e-03
6.440333823770805211e-01 2.391592320457219898e-03
6.455547459211931072e-01 2.395965210477998212e-03
6.478475761427762158e-01 2.398120895022268651e-03
6.493779497405662848e-01 2.400312307334994625e-03
6.516735115862205552e-01 2.400312307334994625e-03
6.539880739551158229e-01 2.400312307334994625e-03
6.555329529027358326e-01 2.398120895022268651e-03
6.578612229296489922e-01 2.395965210477998212e-03
6.594125071779467495e-01 2.391592320457219898e-03
6.617435413509281661e-01 2.387261779718605550e-03
6.633067405994615973e-01 2.380793996211879888e-03
6.656626209498677227e-01 2.376483008380609989e-03
6.680268687295261021e-01 2.367882164120269865e-03
6.696021243043794868e-01 2.361436666079768341e-03
6.719691789432645779e-01 2.355007959592475900e-03
6.735565336357144384e-01 2.346484836716828445e-03
6.759488183892899960e-01 2.337993308269243915e-03
6.775455739583676751e-01 2.327404972114681652e-03
6.799520266694475401e-01 2.318981748542153516e-03
6.815582387904735029e-01 2.308512746782048070e-03
6.839675584927897845e-01 2.300125518540287618e-03
6.855804033647089346e-01 2.289741642894347652e-03
6.880153935465511683e-01 2.279372558772379057e-03
6.896406533019796559e-01 2.269050430998460332e-03
6.920900643579958045e-01 2.260838401159804417e-03
6.937220626850302274e-01 2.250631886504855534e-03
6.953608029814092317e-01 2.240439193955138294e-03
6.978189149775532174e-01 2.230293375738323647e-03
6.994673330358216479e-01 2.220224045750157811e-03
7.019516457146899313e-01 2.210169771735690653e-03
7.036098262884631360e-01 2.200161028453199389e-03
7.061088519467997315e-01 2.190196208318269475e-03
7.077768528531520609e-01 2.180308606583465474e-03
7.094487939834752677e-01 2.168483379216755783e-03
7.119685580248500401e-01 2.158663412564202754e-03
7.136504009826412087e-01 2.148887228100397010e-03
7.161731670117112980e-01 2.139186115020314406e-03
7.178619550331275523e-01 2.131415443663273006e-03
7.195577196285292132e-01 2.123700176393486256e-03
7.221133877514307464e-01 2.117949167937174630e-03
7.238191952652972549e-01 2.114112769809290120e-03
7.255290323115403117e-01 2.112182648991222517e-03
7.281059088699273207e-01 2.114112769809290120e-03
7.298258721766726076e-01 2.117949167937174630e-03
7.315498984552183392e-01 2.127554653073205574e-03
7.341359395053617121e-01 2.141110771699511906e-03
7.358823960218576765e-01 2.158663412564202754e-03
7.376207292832931417e-01 2.182270261762932553e-03
7.402282308213171680e-01 2.210169771735692821e-03
7.419768300019015106e-01 2.242455666911660848e-03
7.437295597991904206e-01 2.279372558772379057e-03
7.454864299707025799e-01 2.321100843191341388e-03
7.481341896335623742e-01 2.365720359544387728e-03
7.499014646124009253e-01 2.413400977856421711e-03
7.516729143247217193e-01 2.462043377116017364e-03
7.534485486322612946e-01 2.511630010743426487e-03
7.561245875176200171e-01 2.559948186347237378e-03
7.579107377603444551e-01 2.606777084390028611e-03
7.597011073245184543e-01 2.652112991902823638e-03
7.614957061772030800e-01 2.695736867571739068e-03
7.642003263194317997e-01 2.732657257449776656e-03
7.660055534220536755e-01 2.767591488685293855e-03
7.678150449103080533e-01 2.795344270976275226e-03
7.696256082073377192e-01 2.815686374541972493e-03
7.714436511457634094e-01 2.831041851062531933e-03
7.741836036110999464e-01 2.836181954577281922e-03
7.760091844292289487e-01 2.836181954577281922e-03
7.778423069278325164e-01 2.828497916310624295e-03
7.796797597077793629e-01 2.813117538282310613e-03
7.815215529982493248e-01 2.790283534993499327e-03
7.842842446777822385e-01 2.760059727161048859e-03
7.861500003998429520e-01 2.722769107953081687e-03
7.880070779730533603e-01 2.678670931754033487e-03
7.898685424153250034e-01 2.630550511828426159e-03
7.917311094512980985e-01 2.576226414299968934e-03
7.936013709619876844e-01 2.516189377915290046e-03
7.954727402771105682e-01 2.453099915013298021e-03
7.982847496355570671e-01 2.387263307209874872e-03
8.001838115503839832e-01 2.318983232344395181e-03
8.020740403999951917e-01 2.250633326573385669e-03
8.039653888812128280e-01 2.180310001655591436e-03
8.058645507365449490e-01 2.112184000472902556e-03
8.077681988742518859e-01 2.044347990592347043e-03
8.096763438920208111e-01 1.980470894184461952e-03
8.115889964125779787e-01 1.918589068949954528e-03
8.135061670837420156e-01 1.860339237498827595e-03
8.163955138620285767e-01 1.805482027767158545e-03
8.183240386968460012e-01 1.753843078401196498e-03
8.202571191765397618e-01 1.706772122516055741e-03
8.221947660626481857e-01 1.663978579839686667e-03
8.241335606673004799e-01 1.625199759404255756e-03
8.260803646513580345e-01 1.588777211403557404e-03
8.280317674600883304e-01 1.555967011487158127e-03
8.299877799570338777e-01 1.525247362735898801e-03
8.319484130314018788e-01 1.496458344312485197e-03
8.339136775981167427e-01 1.469576003638665973e-03
8.358801062420442296e-01 1.443156261629179602e-03
8.378546584247132945e-01 1.418505634235460401e-03
8.398478543021257181e-01 1.393003579404859674e-03
8.418282761630520028e-01 1.369210050637495327e-03
8.438168793702792714e-01 1.344594237387810969e-03
8.458101801421140653e-01 1.321627998716238747e-03
8.478081895753469821e-01 1.297867620981056581e-03
8.498109187929837605e-01 1.275698676437892701e-03
8.518183789442999032e-01 1.255037363348168690e-03
8.538305812049133969e-01 1.235838965942925209e-03
8.558475367768404451e-01 1.218045507750734535e-03
8.578692568885604164e-01 1.202670592920597904e-03
8.598957527950722435e-01 1.190730981139758067e-03
8.619234490477084565e-01 1.179987193349871233e-03
8.639595219424951456e-01 1.173587357652742082e-03
8.660004045368411285e-01 1.169339596949639385e-03
8.680605571167713252e-01 1.168272025374606209e-03
8.701075065673362641e-01 1.170392043130995220e-03
8.721629121971861132e-01 1.173587357652743383e-03
8.742231731952189167e-01 1.179987193349871233e-03
8.762883010309975296e-01 1.187504946078922268e-03
8.783583072011733606e-01 1.196147730438838156e-03
8.804332032295607569e-01 1.205953260231301194e-03
8.825130006671964011e-01 1.214729924715223560e-03
8.835639329222266802e-01 1.224687391926529553e-03
8.856511259051089713e-01 1.233600399329957183e-03
8.877432493456379747e-01 1.240327102822909961e-03
8.898403148907506610e-01 1.247108440417436489e-03
8.919423342149019884e-01 1.251637904535906134e-03
8.940493190201255214e-01 1.255037363348168690e-03
8.961612810360917170e-01 1.256184221430545157e-03
8.982782320201854187e-01 1.255037363348168690e-03
9.004001837575630329e-01 1.251637904535906134e-03
9.025271480612222508e-01 1.245969868247771839e-03
9.035981538226652843e-01 1.239212562174413527e-03
9.057326725096905840e-01 1.230259792964182855e-03
9.078722334491884371e-01 1.219141790940574295e-03
9.100130617061646943e-01 1.205953260231301194e-03
9.121627339663739287e-01 1.191818694503976985e-03
9.143174842754825393e-01 1.175716644794122653e-03
9.164773246290792708e-01 1.157731622163004443e-03
9.186422670510838717e-01 1.138980183706969499e-03
9.197323962098912231e-01 1.119525920098026319e-03
9.219050279029368244e-01 1.098410349006093741e-03
9.240789465021264082e-01 1.075726482656834144e-03
9.262618458044888925e-01 1.052564402735564923e-03
9.284499016461084109e-01 1.028974267256094199e-03
9.306431262079870592e-01 1.004995110431034389e-03
9.317474964777980873e-01 9.797967634529740257e-04
9.339485107609805103e-01 9.543584263667293432e-04
9.361547243754121395e-01 9.287446391702865872e-04
9.383661496031782123e-01 9.030058465872803320e-04
9.405827987553796454e-01 8.771785167400186637e-04
9.416989641790405319e-01 8.513122276406107991e-04
9.439195583086996688e-01 8.254657373343304719e-04
9.461493259634218278e-01 8.004042223103903682e-04
9.483843608718505180e-01 7.760924130733823931e-04
9.506246754765225182e-01 7.525301353714005650e-04
9.517369153506461954e-01 7.303394847044483327e-04
9.539811796937105459e-01 7.100991993567113206e-04
9.562506322000332570e-01 6.910410244842678977e-04
9.585095288514658973e-01 6.743210630961338648e-04
9.596309940787175474e-01 6.604041677192508831e-04
9.618978759673602053e-01 6.485315543328519072e-04
9.641701127825598183e-01 6.397693732108314813e-04
9.664477171739579431e-01 6.334180098446924026e-04
9.687266706495538671e-01 6.305580520690149283e-04
9.698762336823756325e-01 6.299823716981856449e-04
9.721673173196526685e-01 6.322706529090663195e-04
9.744638130539071685e-01 6.368721806519815707e-04
9.767657336698312154e-01 6.438459912866029188e-04
9.779248364520441994e-01 6.520679340828830798e-04
9.802349328473084489e-01 6.621976190003577012e-04
9.802349328473084489e-01 1.000444314928421521e-02
5.202690867364563321e-01 1.000444314928421521e-02
