0.0010 0.0003 6.5382e-02
0.0020 0.0007 4.9537e-02
0.0030 0.0010 3.3692e-02
0.0040 0.0013 1.7847e-02
0.0050 0.0017 2.0022e-03
0.0060 0.0020 2.9645e-04
0.0070 0.0023 2.4588e-04
0.0080 0.0027 1.9531e-04
0.0090 0.0030 1.4474e-04
0.0100 0.0033 9.4171e-05
0.0110 0.0037 7.6361e-05
0.0120 0.0040 6.7096e-05
0.0130 0.0043 5.7831e-05
0.0140 0.0047 4.8566e-05
0.0150 0.0050 3.9301e-05
0.0160 0.0053 3.4132e-05
0.0170 0.0057 3.0794e-05
0.0180 0.0060 2.7457e-05
0.0190 0.0063 2.4119e-05
0.0200 0.0067 2.0781e-05
0.0210 0.0070 1.9108e-05
0.0220 0.0073 1.7562e-05
0.0230 0.0077 1.6016e-05
0.0240 0.0080 1.4470e-05
0.0250 0.0083 1.2924e-05
0.0260 0.0087 1.1951e-05
0.0270 0.0090 1.1098e-05
0.0280 0.0093 1.0245e-05
0.0290 0.0097 9.3921e-06
0.0300 0.0100 8.5390e-06
0.0310 0.0103 7.9453e-06
0.0320 0.0107 7.4500e-06
0.0330 0.0110 6.9547e-06
0.0340 0.0113 6.4595e-06
0.0350 0.0117 5.9642e-06
0.0360 0.0120 5.6438e-06
0.0370 0.0123 5.3300e-06
0.0380 0.0127 5.0161e-06
0.0390 0.0130 4.7022e-06
0.0400 0.0133 4.3884e-06
0.0410 0.0137 4.1651e-06
0.0420 0.0140 3.9564e-06
0.0430 0.0143 3.7477e-06
0.0440 0.0147 3.5389e-06
0.0450 0.0150 3.3302e-06
0.0460 0.0153 3.1719e-06
0.0470 0.0157 3.0295e-06
0.0480 0.0160 2.8872e-06
0.0490 0.0163 2.7448e-06
0.0500 0.0167 2.6024e-06
0.0510 0.0170 2.4950e-06
0.0520 0.0173 2.3877e-06
0.0530 0.0177 2.2804e-06
0.0540 0.0180 2.1731e-06
0.0550 0.0183 2.0658e-06
0.0560 0.0187 1.9807e-06
0.0570 0.0190 1.8981e-06
0.0580 0.0193 1.8156e-06
0.0590 0.0197 1.7330e-06
0.0600 0.0200 1.6505e-06
0.0610 0.0203 1.5652e-06
0.0620 0.0207 1.4793e-06
0.0630 0.0210 1.3934e-06
0.0640 0.0213 1.3075e-06
0.0650 0.0217 1.2231e-06
0.0660 0.0220 1.1830e-06
0.0670 0.0223 1.1430e-06
0.0680 0.0227 1.1029e-06
0.0690 0.0230 1.0629e-06
0.0700 0.0233 1.0228e-06
0.0710 0.0237 9.9065e-07
0.0720 0.0240 9.5907e-07
0.0730 0.0243 9.2748e-07
0.0740 0.0247 8.9590e-07
0.0750 0.0250 8.6431e-07
0.0760 0.0253 8.3795e-07
0.0770 0.0257 8.1267e-07
0.0780 0.0260 7.8739e-07
0.0790 0.0263 7.6211e-07
0.0800 0.0267 7.3683e-07
0.0810 0.0270 7.0887e-07
0.0820 0.0273 6.7990e-07
0.0830 0.0277 6.5093e-07
0.0840 0.0280 6.2197e-07
0.0850 0.0283 5.9300e-07
0.0860 0.0287 5.6884e-07
0.0870 0.0290 5.4485e-07
0.0880 0.0293 5.2086e-07
0.0890 0.0297 4.9687e-07
0.0900 0.0300 4.7288e-07
0.0910 0.0303 4.5698e-07
0.0920 0.0307 4.4236e-07
0.0930 0.0310 4.2774e-07
0.0940 0.0313 4.1312e-07
0.0950 0.0317 3.9851e-07
0.0960 0.0320 3.9481e-07
0.0970 0.0323 3.9453e-07
0.0980 0.0327 3.9425e-07
0.0990 0.0330 3.9397e-07
0.1000 0.0333 3.9369e-07
0.1010 0.0337 4.0539e-07
0.1020 0.0340 4.1709e-07
0.1030 0.0343 4.2878e-07
0.1040 0.0347 4.4048e-07
0.1050 0.0350 4.5218e-07
0.1060 0.0353 4.8621e-07
0.1070 0.0357 5.2279e-07
0.1080 0.0360 5.5936e-07
0.1090 0.0363 5.9594e-07
0.1100 0.0367 6.3251e-07
0.1110 0.0370 7.6002e-07
0.1120 0.0373 9.1085e-07
0.1130 0.0377 1.0617e-06
0.1140 0.0380 1.2125e-06
0.1150 0.0383 1.3718e-06
0.1160 0.0387 1.7722e-06
0.1170 0.0390 2.1726e-06
0.1180 0.0393 2.5730e-06
0.1190 0.0397 2.9734e-06
0.1200 0.0400 3.3738e-06
0.1210 0.0403 6.2041e-06
0.1220 0.0407 9.2087e-06
0.1230 0.0410 1.2213e-05
0.1240 0.0413 1.5218e-05
0.1250 0.0417 1.8222e-05
0.1260 0.0420 1.0000e+03
0.1270 0.0423 1.0000e+03
0.1280 0.0427 1.0000e+03
0.1290 0.0430 1.0000e+03
0.1300 0.0433 1.0000e+03
0.1310 0.0437 1.0000e+03
0.1320 0.0440 1.0000e+03
0.1330 0.0443 1.0000e+03
0.1340 0.0447 1.0000e+03
0.1350 0.0450 1.0000e+03
0.1360 0.0453 1.0000e+03
0.1370 0.0457 1.0000e+03
0.1380 0.0460 1.0000e+03
0.1390 0.0463 1.0000e+03
0.1400 0.0467 1.0000e+03
0.1410 0.0470 1.0000e+03
0.1420 0.0473 1.0000e+03
0.1430 0.0477 1.0000e+03
0.1440 0.0480 1.0000e+03
0.1450 0.0483 1.0000e+03
0.1460 0.0487 1.0000e+03
0.1470 0.0490 1.0000e+03
0.1480 0.0493 1.0000e+03
0.1490 0.0497 1.0000e+03
0.1500 0.0500 3.2412e-05
0.1510 0.0503 2.8886e-05
0.1520 0.0507 2.5359e-05
0.1530 0.0510 2.1832e-05
0.1540 0.0513 1.8306e-05
0.1550 0.0517 1.4779e-05
0.1560 0.0520 1.2699e-05
0.1570 0.0523 1.0781e-05
0.1580 0.0527 8.8640e-06
0.1590 0.0530 6.9466e-06
0.1600 0.0533 5.2215e-06
0.1610 0.0537 4.6986e-06
0.1620 0.0540 4.1756e-06
0.1630 0.0543 3.6527e-06
0.1640 0.0547 3.1298e-06
0.1650 0.0550 2.6190e-06
0.1660 0.0553 2.4331e-06
0.1670 0.0557 2.2473e-06
0.1680 0.0560 2.0614e-06
0.1690 0.0563 1.8755e-06
0.1700 0.0567 1.6897e-06
0.1710 0.0570 1.5856e-06
0.1720 0.0573 1.4872e-06
0.1730 0.0577 1.3889e-06
0.1740 0.0580 1.2906e-06
0.1750 0.0583 1.2023e-06
0.1760 0.0587 1.1627e-06
0.1770 0.0590 1.1230e-06
0.1780 0.0593 1.0834e-06
0.1790 0.0597 1.0437e-06
0.1800 0.0600 1.0039e-06
0.1810 0.0603 9.6281e-07
0.1820 0.0607 9.2167e-07
0.1830 0.0610 8.8053e-07
0.1840 0.0613 8.3940e-07
0.1850 0.0617 7.9826e-07
0.1860 0.0620 7.8105e-07
0.1870 0.0623 7.6465e-07
0.1880 0.0627 7.4824e-07
0.1890 0.0630 7.3183e-07
0.1900 0.0633 7.1760e-07
0.1910 0.0637 7.1173e-07
0.1920 0.0640 7.0586e-07
0.1930 0.0643 6.9999e-07
0.1940 0.0647 6.9413e-07
0.1950 0.0650 6.8830e-07
0.1960 0.0653 6.8284e-07
0.1970 0.0657 6.7738e-07
0.1980 0.0660 6.7193e-07
0.1990 0.0663 6.6647e-07
0.2000 0.0667 6.6102e-07
0.2010 0.0670 6.5993e-07
0.2020 0.0673 6.5883e-07
0.2030 0.0677 6.5774e-07
0.2040 0.0680 6.5664e-07
0.2050 0.0683 6.5554e-07
0.2060 0.0687 6.5623e-07
0.2070 0.0690 6.5712e-07
0.2080 0.0693 6.5800e-07
0.2090 0.0697 6.5888e-07
0.2100 0.0700 6.6030e-07
0.2110 0.0703 6.6499e-07
0.2120 0.0707 6.6968e-07
0.2130 0.0710 6.7438e-07
0.2140 0.0713 6.7907e-07
0.2150 0.0717 6.8433e-07
0.2160 0.0720 7.0469e-07
0.2170 0.0723 7.2505e-07
0.2180 0.0727 7.4540e-07
0.2190 0.0730 7.6576e-07
0.2200 0.0733 7.8611e-07
0.2210 0.0737 7.9560e-07
0.2220 0.0740 8.0432e-07
0.2230 0.0743 8.1305e-07
0.2240 0.0747 8.2177e-07
0.2250 0.0750 8.2718e-07
0.2260 0.0753 8.1683e-07
0.2270 0.0757 8.0648e-07
0.2280 0.0760 7.9614e-07
0.2290 0.0763 7.8579e-07
0.2300 0.0767 7.7775e-07
0.2310 0.0770 7.9956e-07
0.2320 0.0773 8.2138e-07
0.2330 0.0777 8.4319e-07
0.2340 0.0780 8.6501e-07
0.2350 0.0783 8.8682e-07
0.2360 0.0787 9.3228e-07
0.2370 0.0790 9.7848e-07
0.2380 0.0793 1.0247e-06
0.2390 0.0797 1.0709e-06
0.2400 0.0800 1.1248e-06
0.2410 0.0803 1.2079e-06
0.2420 0.0807 1.2910e-06
0.2430 0.0810 1.3741e-06
0.2440 0.0813 1.4572e-06
0.2450 0.0817 1.5475e-06
0.2460 0.0820 1.6991e-06
0.2470 0.0823 1.8506e-06
0.2480 0.0827 2.0022e-06
0.2490 0.0830 2.1538e-06
0.2500 0.0833 2.3068e-06
0.2510 0.0837 2.8882e-06
0.2520 0.0840 3.4697e-06
0.2530 0.0843 4.0512e-06
0.2540 0.0847 4.6326e-06
0.2550 0.0850 1.0000e+03
0.2560 0.0853 1.0000e+03
0.2570 0.0857 1.0000e+03
0.2580 0.0860 1.0000e+03
0.2590 0.0863 1.0000e+03
0.2600 0.0867 1.0000e+03
0.2610 0.0870 1.0000e+03
0.2620 0.0873 1.0000e+03
0.2630 0.0877 1.0000e+03
0.2640 0.0880 1.0000e+03
0.2650 0.0883 1.0000e+03
0.2660 0.0887 1.0000e+03
0.2670 0.0890 1.0000e+03
0.2680 0.0893 1.0000e+03
0.2690 0.0897 1.0000e+03
0.2700 0.0900 1.0000e+03
0.2710 0.0903 1.0000e+03
0.2720 0.0907 1.0000e+03
0.2730 0.0910 1.0000e+03
0.2740 0.0913 1.0000e+03
0.2750 0.0917 1.0000e+03
0.2760 0.0920 1.0000e+03
0.2770 0.0923 1.0000e+03
0.2780 0.0927 1.0000e+03
0.2790 0.0930 1.0000e+03
0.2800 0.0933 1.0000e+03
0.2810 0.0937 1.0000e+03
0.2820 0.0940 1.0000e+03
0.2830 0.0943 1.0000e+03
0.2840 0.0947 1.0000e+03
0.2850 0.0950 1.0000e+03
0.2860 0.0953 1.0000e+03
0.2870 0.0957 1.0000e+03
0.2880 0.0960 1.0000e+03
0.2890 0.0963 1.0000e+03
0.2900 0.0967 1.0000e+03
0.2910 0.0970 1.0000e+03
0.2920 0.0973 1.0000e+03
0.2930 0.0977 1.0000e+03
0.2940 0.0980 1.0000e+03
0.2950 0.0983 1.0000e+03
0.2960 0.0987 1.0000e+03
0.2970 0.0990 1.0000e+03
0.2980 0.0993 1.0000e+03
0.2990 0.0997 1.0000e+03
0.3000 0.1000 1.0000e+03
0.3010 0.1003 1.0000e+03
0.3020 0.1007 1.0000e+03
0.3030 0.1010 1.0000e+03
0.3040 0.1013 1.0000e+03
0.3050 0.1017 1.0000e+03
0.3060 0.1020 1.0000e+03
0.3070 0.1023 1.0000e+03
0.3080 0.1027 1.0000e+03
0.3090 0.1030 1.0000e+03
0.3100 0.1033 1.0000e+03
0.3110 0.1037 1.0000e+03
0.3120 0.1040 1.0000e+03
0.3130 0.1043 1.0000e+03
0.3140 0.1047 1.0000e+03
0.3150 0.1050 1.0000e+03
0.3160 0.1053 1.0000e+03
0.3170 0.1057 1.0000e+03
0.3180 0.1060 1.0000e+03
0.3190 0.1063 1.0000e+03
0.3200 0.1067 1.0000e+03
0.3210 0.1070 1.0000e+03
0.3220 0.1073 1.0000e+03
0.3230 0.1077 1.0000e+03
0.3240 0.1080 1.0000e+03
0.3250 0.1083 1.0000e+03
0.3260 0.1087 1.0000e+03
0.3270 0.1090 1.0000e+03
0.3280 0.1093 1.0000e+03
0.3290 0.1097 1.0000e+03
0.3300 0.1100 1.0000e+03
0.3310 0.1103 1.0000e+03
0.3320 0.1107 1.0000e+03
0.3330 0.1110 1.0000e+03
0.3340 0.1113 1.0000e+03
0.3350 0.1117 1.0000e+03
0.3360 0.1120 1.0000e+03
0.3370 0.1123 1.0000e+03
0.3380 0.1127 1.0000e+03
0.3390 0.1130 1.0000e+03
0.3400 0.1133 1.0000e+03
0.3410 0.1137 1.0000e+03
0.3420 0.1140 1.0000e+03
0.3430 0.1143 1.0000e+03
0.3440 0.1147 1.0000e+03
0.3450 0.1150 1.0000e+03
0.3460 0.1153 1.0000e+03
0.3470 0.1157 1.0000e+03
0.3480 0.1160 1.0000e+03
0.3490 0.1163 1.0000e+03
0.3500 0.1167 1.0000e+03
0.3510 0.1170 1.0000e+03
0.3520 0.1173 1.0000e+03
0.3530 0.1177 1.0000e+03
0.3540 0.1180 1.0000e+03
0.3550 0.1183 1.0000e+03
0.3560 0.1187 1.0000e+03
0.3570 0.1190 1.0000e+03
0.3580 0.1193 1.0000e+03
0.3590 0.1197 1.0000e+03
0.3600 0.1200 1.0000e+03
0.3610 0.1203 1.0000e+03
0.3620 0.1207 1.0000e+03
0.3630 0.1210 1.0000e+03
0.3640 0.1213 1.0000e+03
0.3650 0.1217 1.0000e+03
0.3660 0.1220 1.0000e+03
0.3670 0.1223 1.0000e+03
0.3680 0.1227 1.0000e+03
0.3690 0.1230 1.0000e+03
0.3700 0.1233 1.0000e+03
0.3710 0.1237 1.0000e+03
0.3720 0.1240 1.0000e+03
0.3730 0.1243 1.0000e+03
0.3740 0.1247 1.0000e+03
0.3750 0.1250 1.0000e+03
0.3760 0.1253 1.0000e+03
0.3770 0.1257 1.0000e+03
0.3780 0.1260 1.0000e+03
0.3790 0.1263 1.0000e+03
0.3800 0.1267 1.0000e+03
0.3810 0.1270 1.0000e+03
0.3820 0.1273 1.0000e+03
0.3830 0.1277 1.0000e+03
0.3840 0.1280 1.0000e+03
0.3850 0.1283 1.0000e+03
0.3860 0.1287 1.0000e+03
0.3870 0.1290 1.0000e+03
0.3880 0.1293 1.0000e+03
0.3890 0.1297 1.0000e+03
0.3900 0.1300 1.0000e+03
0.3910 0.1303 1.0000e+03
0.3920 0.1307 1.0000e+03
0.3930 0.1310 1.0000e+03
0.3940 0.1313 1.0000e+03
0.3950 0.1317 1.0000e+03
0.3960 0.1320 1.0000e+03
0.3970 0.1323 1.0000e+03
0.3980 0.1327 1.0000e+03
0.3990 0.1330 1.0000e+03
0.4000 0.1333 1.0000e+03
0.4010 0.1337 1.0000e+03
0.4020 0.1340 1.0000e+03
0.4030 0.1343 1.0000e+03
0.4040 0.1347 1.0000e+03
0.4050 0.1350 1.0000e+03
0.4060 0.1353 1.0000e+03
0.4070 0.1357 1.0000e+03
0.4080 0.1360 1.0000e+03
0.4090 0.1363 1.0000e+03
0.4100 0.1367 1.0000e+03
0.4110 0.1370 1.0000e+03
0.4120 0.1373 1.0000e+03
0.4130 0.1377 1.0000e+03
0.4140 0.1380 1.0000e+03
0.4150 0.1383 1.0000e+03
0.4160 0.1387 1.0000e+03
0.4170 0.1390 1.0000e+03
0.4180 0.1393 1.0000e+03
0.4190 0.1397 1.0000e+03
0.4200 0.1400 1.0000e+03
0.4210 0.1403 1.0000e+03
0.4220 0.1407 1.0000e+03
0.4230 0.1410 1.0000e+03
0.4240 0.1413 1.0000e+03
0.4250 0.1417 1.0000e+03
0.4260 0.1420 1.0000e+03
0.4270 0.1423 1.0000e+03
0.4280 0.1427 1.0000e+03
0.4290 0.1430 1.0000e+03
0.4300 0.1433 1.0000e+03
0.4310 0.1437 1.0000e+03
0.4320 0.1440 1.0000e+03
0.4330 0.1443 1.0000e+03
0.4340 0.1447 1.0000e+03
0.4350 0.1450 1.0000e+03
0.4360 0.1453 1.0000e+03
0.4370 0.1457 1.0000e+03
0.4380 0.1460 1.0000e+03
0.4390 0.1463 1.0000e+03
0.4400 0.1467 1.0000e+03
0.4410 0.1470 1.0000e+03
0.4420 0.1473 1.0000e+03
0.4430 0.1477 1.0000e+03
0.4440 0.1480 1.0000e+03
0.4450 0.1483 1.0000e+03
0.4460 0.1487 1.0000e+03
0.4470 0.1490 1.0000e+03
0.4480 0.1493 1.0000e+03
0.4490 0.1497 1.0000e+03
0.4500 0.1500 1.0000e+03
0.4510 0.1503 1.0000e+03
0.4520 0.1507 1.0000e+03
0.4530 0.1510 1.0000e+03
0.4540 0.1513 1.0000e+03
0.4550 0.1517 1.0000e+03
0.4560 0.1520 1.0000e+03
0.4570 0.1523 1.0000e+03
0.4580 0.1527 1.0000e+03
0.4590 0.1530 1.0000e+03
0.4600 0.1533 1.0000e+03
0.4610 0.1537 1.0000e+03
0.4620 0.1540 1.0000e+03
0.4630 0.1543 1.0000e+03
0.4640 0.1547 1.0000e+03
0.4650 0.1550 1.0000e+03
0.4660 0.1553 1.0000e+03
0.4670 0.1557 1.0000e+03
0.4680 0.1560 1.0000e+03
0.4690 0.1563 1.0000e+03
0.4700 0.1567 1.0000e+03
0.4710 0.1570 1.0000e+03
0.4720 0.1573 1.0000e+03
0.4730 0.1577 1.0000e+03
0.4740 0.1580 1.0000e+03
0.4750 0.1583 1.0000e+03
0.4760 0.1587 1.0000e+03
0.4770 0.1590 1.0000e+03
0.4780 0.1593 1.0000e+03
0.4790 0.1597 1.0000e+03
0.4800 0.1600 1.0000e+03
0.4810 0.1603 1.0000e+03
0.4820 0.1607 1.0000e+03
0.4830 0.1610 1.0000e+03
0.4840 0.1613 1.0000e+03
0.4850 0.1617 1.0000e+03
0.4860 0.1620 1.0000e+03
0.4870 0.1623 1.0000e+03
0.4880 0.1627 1.0000e+03
0.4890 0.1630 1.0000e+03
0.4900 0.1633 1.0000e+03
0.4910 0.1637 1.0000e+03
0.4920 0.1640 1.0000e+03
0.4930 0.1643 1.0000e+03
0.4940 0.1647 1.0000e+03
0.4950 0.1650 1.0000e+03
0.4960 0.1653 1.0000e+03
0.4970 0.1657 1.0000e+03
0.4980 0.1660 1.0000e+03
0.4990 0.1663 1.0000e+03
0.5000 0.1667 1.0000e+03
0.5010 0.1670 1.0000e+03
0.5020 0.1673 1.0000e+03
0.5030 0.1677 1.0000e+03
0.5040 0.1680 1.0000e+03
0.5050 0.1683 1.0000e+03
0.5060 0.1687 1.0000e+03
0.5070 0.1690 1.0000e+03
0.5080 0.1693 1.0000e+03
0.5090 0.1697 1.0000e+03
0.5100 0.1700 1.0000e+03
0.5110 0.1703 1.0000e+03
0.5120 0.1707 1.0000e+03
0.5130 0.1710 1.0000e+03
0.5140 0.1713 1.0000e+03
0.5150 0.1717 1.0000e+03
0.5160 0.1720 1.0000e+03
0.5170 0.1723 1.0000e+03
0.5180 0.1727 1.0000e+03
0.5190 0.1730 1.0000e+03
0.5200 0.1733 1.0000e+03
0.5210 0.1737 1.0000e+03
0.5220 0.1740 1.0000e+03
0.5230 0.1743 1.0000e+03
0.5240 0.1747 1.0000e+03
0.5250 0.1750 1.0000e+03
0.5260 0.1753 1.0000e+03
0.5270 0.1757 1.0000e+03
0.5280 0.1760 1.0000e+03
0.5290 0.1763 1.0000e+03
0.5300 0.1767 1.0000e+03
0.5310 0.1770 1.0000e+03
0.5320 0.1773 1.0000e+03
0.5330 0.1777 1.0000e+03
0.5340 0.1780 1.0000e+03
0.5350 0.1783 1.0000e+03
0.5360 0.1787 1.0000e+03
0.5370 0.1790 1.0000e+03
0.5380 0.1793 1.0000e+03
0.5390 0.1797 1.0000e+03
0.5400 0.1800 1.0000e+03
0.5410 0.1803 1.0000e+03
0.5420 0.1807 1.0000e+03
0.5430 0.1810 1.0000e+03
0.5440 0.1813 1.0000e+03
0.5450 0.1817 1.0000e+03
0.5460 0.1820 1.0000e+03
0.5470 0.1823 1.0000e+03
0.5480 0.1827 1.0000e+03
0.5490 0.1830 1.0000e+03
0.5500 0.1833 1.0000e+03
0.5510 0.1837 1.0000e+03
0.5520 0.1840 1.0000e+03
0.5530 0.1843 1.0000e+03
0.5540 0.1847 1.0000e+03
0.5550 0.1850 1.0000e+03
0.5560 0.1853 1.0000e+03
0.5570 0.1857 1.0000e+03
0.5580 0.1860 1.0000e+03
0.5590 0.1863 1.0000e+03
0.5600 0.1867 1.0000e+03
0.5610 0.1870 1.0000e+03
0.5620 0.1873 1.0000e+03
0.5630 0.1877 1.0000e+03
0.5640 0.1880 1.0000e+03
0.5650 0.1883 1.0000e+03
0.5660 0.1887 1.0000e+03
0.5670 0.1890 1.0000e+03
0.5680 0.1893 1.0000e+03
0.5690 0.1897 1.0000e+03
0.5700 0.1900 1.0000e+03
0.5710 0.1903 1.0000e+03
0.5720 0.1907 1.0000e+03
0.5730 0.1910 1.0000e+03
0.5740 0.1913 1.0000e+03
0.5750 0.1917 1.0000e+03
0.5760 0.1920 1.0000e+03
0.5770 0.1923 1.0000e+03
0.5780 0.1927 1.0000e+03
0.5790 0.1930 1.0000e+03
0.5800 0.1933 1.0000e+03
0.5810 0.1937 1.0000e+03
0.5820 0.1940 1.0000e+03
0.5830 0.1943 1.0000e+03
0.5840 0.1947 1.0000e+03
0.5850 0.1950 1.0000e+03
0.5860 0.1953 1.0000e+03
0.5870 0.1957 1.0000e+03
0.5880 0.1960 1.0000e+03
0.5890 0.1963 1.0000e+03
0.5900 0.1967 1.0000e+03
0.5910 0.1970 1.0000e+03
0.5920 0.1973 1.0000e+03
0.5930 0.1977 1.0000e+03
0.5940 0.1980 1.0000e+03
0.5950 0.1983 1.0000e+03
0.5960 0.1987 1.0000e+03
0.5970 0.1990 1.0000e+03
0.5980 0.1993 1.0000e+03
0.5990 0.1997 1.0000e+03
0.6000 0.2000 1.0000e+03
0.6010 0.2003 1.0000e+03
0.6020 0.2007 1.0000e+03
0.6030 0.2010 1.0000e+03
0.6040 0.2013 1.0000e+03
0.6050 0.2017 1.0000e+03
0.6060 0.2020 1.0000e+03
0.6070 0.2023 1.0000e+03
0.6080 0.2027 1.0000e+03
0.6090 0.2030 1.0000e+03
0.6100 0.2033 1.0000e+03
0.6110 0.2037 1.0000e+03
0.6120 0.2040 1.0000e+03
0.6130 0.2043 1.0000e+03
0.6140 0.2047 1.0000e+03
0.6150 0.2050 1.0000e+03
0.6160 0.2053 1.0000e+03
0.6170 0.2057 1.0000e+03
0.6180 0.2060 1.0000e+03
0.6190 0.2063 1.0000e+03
0.6200 0.2067 1.0000e+03
0.6210 0.2070 1.0000e+03
0.6220 0.2073 1.0000e+03
0.6230 0.2077 1.0000e+03
0.6240 0.2080 1.0000e+03
0.6250 0.2083 1.0000e+03
0.6260 0.2087 1.0000e+03
0.6270 0.2090 1.0000e+03
0.6280 0.2093 1.0000e+03
0.6290 0.2097 1.0000e+03
0.6300 0.2100 1.0000e+03
0.6310 0.2103 1.0000e+03
0.6320 0.2107 1.0000e+03
0.6330 0.2110 1.0000e+03
0.6340 0.2113 1.0000e+03
0.6350 0.2117 1.0000e+03
0.6360 0.2120 1.0000e+03
0.6370 0.2123 1.0000e+03
0.6380 0.2127 1.0000e+03
0.6390 0.2130 1.0000e+03
0.6400 0.2133 1.0000e+03
0.6410 0.2137 1.0000e+03
0.6420 0.2140 1.0000e+03
0.6430 0.2143 1.0000e+03
0.6440 0.2147 1.0000e+03
0.6450 0.2150 1.0000e+03
0.6460 0.2153 1.0000e+03
0.6470 0.2157 1.0000e+03
0.6480 0.2160 1.0000e+03
0.6490 0.2163 1.0000e+03
0.6500 0.2167 1.0000e+03
0.6510 0.2170 1.0000e+03
0.6520 0.2173 1.0000e+03
0.6530 0.2177 1.0000e+03
0.6540 0.2180 1.0000e+03
0.6550 0.2183 1.0000e+03
0.6560 0.2187 1.0000e+03
0.6570 0.2190 1.0000e+03
0.6580 0.2193 1.0000e+03
0.6590 0.2197 1.0000e+03
0.6600 0.2200 1.0000e+03
0.6610 0.2203 1.0000e+03
0.6620 0.2207 1.0000e+03
0.6630 0.2210 1.0000e+03
0.6640 0.2213 1.0000e+03
0.6650 0.2217 1.0000e+03
0.6660 0.2220 1.0000e+03
0.6670 0.2223 1.0000e+03
0.6680 0.2227 1.0000e+03
0.6690 0.2230 1.0000e+03
0.6700 0.2233 1.0000e+03
0.6710 0.2237 1.0000e+03
0.6720 0.2240 1.0000e+03
0.6730 0.2243 1.0000e+03
0.6740 0.2247 1.0000e+03
0.6750 0.2250 1.0000e+03
0.6760 0.2253 1.0000e+03
0.6770 0.2257 1.0000e+03
0.6780 0.2260 1.0000e+03
0.6790 0.2263 1.0000e+03
0.6800 0.2267 1.0000e+03
0.6810 0.2270 1.0000e+03
0.6820 0.2273 1.0000e+03
0.6830 0.2277 1.0000e+03
0.6840 0.2280 1.0000e+03
0.6850 0.2283 1.0000e+03
0.6860 0.2287 1.0000e+03
0.6870 0.2290 1.0000e+03
0.6880 0.2293 1.0000e+03
0.6890 0.2297 1.0000e+03
0.6900 0.2300 1.0000e+03
0.6910 0.2303 1.0000e+03
0.6920 0.2307 1.0000e+03
0.6930 0.2310 1.0000e+03
0.6940 0.2313 1.0000e+03
0.6950 0.2317 1.0000e+03
0.6960 0.2320 1.0000e+03
0.6970 0.2323 1.0000e+03
0.6980 0.2327 1.0000e+03
0.6990 0.2330 1.0000e+03
0.7000 0.2333 1.0000e+03
0.7010 0.2337 1.0000e+03
0.7020 0.2340 1.0000e+03
0.7030 0.2343 1.0000e+03
0.7040 0.2347 1.0000e+03
0.7050 0.2350 1.0000e+03
0.7060 0.2353 1.0000e+03
0.7070 0.2357 1.0000e+03
0.7080 0.2360 1.0000e+03
0.7090 0.2363 1.0000e+03
0.7100 0.2367 1.0000e+03
0.7110 0.2370 1.0000e+03
0.7120 0.2373 1.0000e+03
0.7130 0.2377 1.0000e+03
0.7140 0.2380 1.0000e+03
0.7150 0.2383 1.0000e+03
0.7160 0.2387 1.0000e+03
0.7170 0.2390 1.0000e+03
0.7180 0.2393 1.0000e+03
0.7190 0.2397 1.0000e+03
0.7200 0.2400 1.0000e+03
0.7210 0.2403 1.0000e+03
0.7220 0.2407 1.0000e+03
0.7230 0.2410 1.0000e+03
0.7240 0.2413 1.0000e+03
0.7250 0.2417 1.0000e+03
0.7260 0.2420 1.0000e+03
0.7270 0.2423 1.0000e+03
0.7280 0.2427 1.0000e+03
0.7290 0.2430 1.0000e+03
0.7300 0.2433 1.0000e+03
0.7310 0.2437 1.0000e+03
0.7320 0.2440 1.0000e+03
0.7330 0.2443 1.0000e+03
0.7340 0.2447 1.0000e+03
0.7350 0.2450 1.0000e+03
0.7360 0.2453 1.0000e+03
0.7370 0.2457 1.0000e+03
0.7380 0.2460 1.0000e+03
0.7390 0.2463 1.0000e+03
0.7400 0.2467 1.0000e+03
0.7410 0.2470 1.0000e+03
0.7420 0.2473 1.0000e+03
0.7430 0.2477 1.0000e+03
0.7440 0.2480 1.0000e+03
0.7450 0.2483 1.0000e+03
0.7460 0.2487 1.0000e+03
0.7470 0.2490 1.0000e+03
0.7480 0.2493 1.0000e+03
0.7490 0.2497 1.0000e+03
0.7500 0.2500 1.0000e+03
0.7510 0.2503 1.0000e+03
0.7520 0.2507 1.0000e+03
0.7530 0.2510 1.0000e+03
0.7540 0.2513 1.0000e+03
0.7550 0.2517 1.0000e+03
0.7560 0.2520 1.0000e+03
0.7570 0.2523 1.0000e+03
0.7580 0.2527 1.0000e+03
0.7590 0.2530 1.0000e+03
0.7600 0.2533 1.0000e+03
0.7610 0.2537 1.0000e+03
0.7620 0.2540 1.0000e+03
0.7630 0.2543 1.0000e+03
0.7640 0.2547 1.0000e+03
0.7650 0.2550 1.0000e+03
0.7660 0.2553 1.0000e+03
0.7670 0.2557 1.0000e+03
0.7680 0.2560 1.0000e+03
0.7690 0.2563 1.0000e+03
0.7700 0.2567 1.0000e+03
0.7710 0.2570 1.0000e+03
0.7720 0.2573 1.0000e+03
0.7730 0.2577 1.0000e+03
0.7740 0.2580 1.0000e+03
0.7750 0.2583 1.0000e+03
0.7760 0.2587 1.0000e+03
0.7770 0.2590 1.0000e+03
0.7780 0.2593 1.0000e+03
0.7790 0.2597 1.0000e+03
0.7800 0.2600 1.0000e+03
0.7810 0.2603 1.0000e+03
0.7820 0.2607 1.0000e+03
0.7830 0.2610 1.0000e+03
0.7840 0.2613 1.0000e+03
0.7850 0.2617 1.0000e+03
0.7860 0.2620 1.0000e+03
0.7870 0.2623 1.0000e+03
0.7880 0.2627 1.0000e+03
0.7890 0.2630 1.0000e+03
0.7900 0.2633 1.0000e+03
0.7910 0.2637 1.0000e+03
0.7920 0.2640 1.0000e+03
0.7930 0.2643 1.0000e+03
0.7940 0.2647 1.0000e+03
0.7950 0.2650 1.0000e+03
0.7960 0.2653 1.0000e+03
0.7970 0.2657 1.0000e+03
0.7980 0.2660 1.0000e+03
0.7990 0.2663 1.0000e+03
0.8000 0.2667 1.0000e+03
0.8010 0.2670 1.0000e+03
0.8020 0.2673 1.0000e+03
0.8030 0.2677 1.0000e+03
0.8040 0.2680 1.0000e+03
0.8050 0.2683 1.0000e+03
0.8060 0.2687 1.0000e+03
0.8070 0.2690 1.0000e+03
0.8080 0.2693 1.0000e+03
0.8090 0.2697 1.0000e+03
0.8100 0.2700 1.0000e+03
0.8110 0.2703 1.0000e+03
0.8120 0.2707 1.0000e+03
0.8130 0.2710 1.0000e+03
0.8140 0.2713 1.0000e+03
0.8150 0.2717 1.0000e+03
0.8160 0.2720 1.0000e+03
0.8170 0.2723 1.0000e+03
0.8180 0.2727 1.0000e+03
0.8190 0.2730 1.0000e+03
0.8200 0.2733 1.0000e+03
0.8210 0.2737 1.0000e+03
0.8220 0.2740 1.0000e+03
0.8230 0.2743 1.0000e+03
0.8240 0.2747 1.0000e+03
0.8250 0.2750 1.0000e+03
0.8260 0.2753 1.0000e+03
0.8270 0.2757 1.0000e+03
0.8280 0.2760 1.0000e+03
0.8290 0.2763 1.0000e+03
0.8300 0.2767 1.0000e+03
0.8310 0.2770 1.0000e+03
0.8320 0.2773 1.0000e+03
0.8330 0.2777 1.0000e+03
0.8340 0.2780 1.0000e+03
0.8350 0.2783 1.0000e+03
0.8360 0.2787 1.0000e+03
0.8370 0.2790 1.0000e+03
0.8380 0.2793 1.0000e+03
0.8390 0.2797 1.0000e+03
0.8400 0.2800 1.0000e+03
0.8410 0.2803 1.0000e+03
0.8420 0.2807 1.0000e+03
0.8430 0.2810 1.0000e+03
0.8440 0.2813 1.0000e+03
0.8450 0.2817 1.0000e+03
0.8460 0.2820 1.0000e+03
0.8470 0.2823 1.0000e+03
0.8480 0.2827 1.0000e+03
0.8490 0.2830 1.0000e+03
0.8500 0.2833 1.0000e+03
0.8510 0.2837 1.0000e+03
0.8520 0.2840 1.0000e+03
0.8530 0.2843 1.0000e+03
0.8540 0.2847 1.0000e+03
0.8550 0.2850 1.0000e+03
0.8560 0.2853 1.0000e+03
0.8570 0.2857 1.0000e+03
0.8580 0.2860 1.0000e+03
0.8590 0.2863 1.0000e+03
0.8600 0.2867 1.0000e+03
0.8610 0.2870 1.0000e+03
0.8620 0.2873 1.0000e+03
0.8630 0.2877 1.0000e+03
0.8640 0.2880 1.0000e+03
0.8650 0.2883 1.0000e+03
0.8660 0.2887 1.0000e+03
0.8670 0.2890 1.0000e+03
0.8680 0.2893 1.0000e+03
0.8690 0.2897 1.0000e+03
0.8700 0.2900 1.0000e+03
0.8710 0.2903 1.0000e+03
0.8720 0.2907 1.0000e+03
0.8730 0.2910 1.0000e+03
0.8740 0.2913 1.0000e+03
0.8750 0.2917 1.0000e+03
0.8760 0.2920 1.0000e+03
0.8770 0.2923 1.0000e+03
0.8780 0.2927 1.0000e+03
0.8790 0.2930 1.0000e+03
0.8800 0.2933 1.0000e+03
0.8810 0.2937 1.0000e+03
0.8820 0.2940 1.0000e+03
0.8830 0.2943 1.0000e+03
0.8840 0.2947 1.0000e+03
0.8850 0.2950 1.0000e+03
0.8860 0.2953 1.0000e+03
0.8870 0.2957 1.0000e+03
0.8880 0.2960 1.0000e+03
0.8890 0.2963 1.0000e+03
0.8900 0.2967 1.0000e+03
0.8910 0.2970 1.0000e+03
0.8920 0.2973 1.0000e+03
0.8930 0.2977 1.0000e+03
0.8940 0.2980 1.0000e+03
0.8950 0.2983 1.0000e+03
0.8960 0.2987 1.0000e+03
0.8970 0.2990 1.0000e+03
0.8980 0.2993 1.0000e+03
0.8990 0.2997 1.0000e+03
0.9000 0.3000 1.0000e+03
0.9010 0.3003 1.0000e+03
0.9020 0.3007 1.0000e+03
0.9030 0.3010 1.0000e+03
0.9040 0.3013 1.0000e+03
0.9050 0.3017 1.0000e+03
0.9060 0.3020 1.0000e+03
0.9070 0.3023 1.0000e+03
0.9080 0.3027 1.0000e+03
0.9090 0.3030 1.0000e+03
0.9100 0.3033 1.0000e+03
0.9110 0.3037 1.0000e+03
0.9120 0.3040 1.0000e+03
0.9130 0.3043 1.0000e+03
0.9140 0.3047 1.0000e+03
0.9150 0.3050 1.0000e+03
0.9160 0.3053 1.0000e+03
0.9170 0.3057 1.0000e+03
0.9180 0.3060 1.0000e+03
0.9190 0.3063 1.0000e+03
0.9200 0.3067 1.0000e+03
0.9210 0.3070 1.0000e+03
0.9220 0.3073 1.0000e+03
0.9230 0.3077 1.0000e+03
0.9240 0.3080 1.0000e+03
0.9250 0.3083 1.0000e+03
0.9260 0.3087 1.0000e+03
0.9270 0.3090 1.0000e+03
0.9280 0.3093 1.0000e+03
0.9290 0.3097 1.0000e+03
0.9300 0.3100 1.0000e+03
0.9310 0.3103 1.0000e+03
0.9320 0.3107 1.0000e+03
0.9330 0.3110 1.0000e+03
0.9340 0.3113 1.0000e+03
0.9350 0.3117 1.0000e+03
0.9360 0.3120 1.0000e+03
0.9370 0.3123 1.0000e+03
0.9380 0.3127 1.0000e+03
0.9390 0.3130 1.0000e+03
0.9400 0.3133 1.0000e+03
0.9410 0.3137 1.0000e+03
0.9420 0.3140 1.0000e+03
0.9430 0.3143 1.0000e+03
0.9440 0.3147 1.0000e+03
0.9450 0.3150 1.0000e+03
0.9460 0.3153 1.0000e+03
0.9470 0.3157 1.0000e+03
0.9480 0.3160 1.0000e+03
0.9490 0.3163 1.0000e+03
0.9500 0.3167 1.0000e+03
0.9510 0.3170 1.0000e+03
0.9520 0.3173 1.0000e+03
0.9530 0.3177 1.0000e+03
0.9540 0.3180 1.0000e+03
0.9550 0.3183 1.0000e+03
0.9560 0.3187 1.0000e+03
0.9570 0.3190 1.0000e+03
0.9580 0.3193 1.0000e+03
0.9590 0.3197 1.0000e+03
0.9600 0.3200 1.0000e+03
0.9610 0.3203 1.0000e+03
0.9620 0.3207 1.0000e+03
0.9630 0.3210 1.0000e+03
0.9640 0.3213 1.0000e+03
0.9650 0.3217 1.0000e+03
0.9660 0.3220 1.0000e+03
0.9670 0.3223 1.0000e+03
0.9680 0.3227 1.0000e+03
0.9690 0.3230 1.0000e+03
0.9700 0.3233 1.0000e+03
0.9710 0.3237 1.0000e+03
0.9720 0.3240 1.0000e+03
0.9730 0.3243 1.0000e+03
0.9740 0.3247 1.0000e+03
0.9750 0.3250 1.0000e+03
0.9760 0.3253 1.0000e+03
0.9770 0.3257 1.0000e+03
0.9780 0.3260 1.0000e+03
0.9790 0.3263 1.0000e+03
0.9800 0.3267 1.0000e+03
0.9810 0.3270 1.0000e+03
0.9820 0.3273 1.0000e+03
0.9830 0.3277 1.0000e+03
0.9840 0.3280 1.0000e+03
0.9850 0.3283 1.0000e+03
0.9860 0.3287 1.0000e+03
0.9870 0.3290 1.0000e+03
0.9880 0.3293 1.0000e+03
0.9890 0.3297 1.0000e+03
0.9900 0.3300 1.0000e+03
0.9910 0.3303 1.0000e+03
0.9920 0.3307 1.0000e+03
0.9930 0.3310 1.0000e+03
0.9940 0.3313 1.0000e+03
0.9950 0.3317 1.0000e+03
0.9960 0.3320 1.0000e+03
0.9970 0.3323 1.0000e+03
0.9980 0.3327 1.0000e+03
0.9990 0.3330 1.0000e+03
1.0000 0.3333 1.0000e+03
1.0100 0.3367 1.0000e+03
1.0200 0.3400 1.0000e+03
1.0300 0.3433 1.0000e+03
1.0400 0.3467 1.0000e+03
1.0500 0.3500 1.0000e+03
1.0600 0.3533 1.0000e+03
1.0700 0.3567 1.0000e+03
1.0800 0.3600 1.0000e+03
1.0900 0.3633 1.0000e+03
1.1000 0.3667 1.0000e+03
1.1100 0.3700 1.0000e+03
1.1200 0.3733 1.0000e+03
1.1300 0.3767 1.0000e+03
1.1400 0.3800 1.0000e+03
1.1500 0.3833 1.0000e+03
1.1600 0.3867 1.0000e+03
1.1700 0.3900 1.0000e+03
1.1800 0.3933 1.0000e+03
1.1900 0.3967 1.0000e+03
1.2000 0.4000 1.0000e+03
1.2100 0.4033 1.0000e+03
1.2200 0.4067 1.0000e+03
1.2300 0.4100 1.0000e+03
1.2400 0.4133 1.0000e+03
1.2500 0.4167 1.0000e+03
1.2600 0.4200 1.0000e+03
1.2700 0.4233 1.0000e+03
1.2800 0.4267 1.0000e+03
1.2900 0.4300 1.0000e+03
1.3000 0.4333 1.0000e+03
1.3100 0.4367 1.0000e+03
1.3200 0.4400 1.0000e+03
1.3300 0.4433 1.0000e+03
1.3400 0.4467 1.0000e+03
1.3500 0.4500 1.0000e+03
1.3600 0.4533 1.0000e+03
1.3700 0.4567 1.0000e+03
1.3800 0.4600 1.0000e+03
1.3900 0.4633 1.0000e+03
1.4000 0.4667 1.0000e+03
1.4100 0.4700 1.0000e+03
1.4200 0.4733 1.0000e+03
1.4300 0.4767 1.0000e+03
1.4400 0.4800 1.0000e+03
1.4500 0.4833 1.0000e+03
1.4600 0.4867 1.0000e+03
1.4700 0.4900 1.0000e+03
1.4800 0.4933 1.0000e+03
1.4900 0.4967 1.0000e+03
1.5000 0.5000 1.0000e+03
1.5100 0.5033 1.0000e+03
1.5200 0.5067 1.0000e+03
1.5300 0.5100 1.0000e+03
1.5400 0.5133 1.0000e+03
1.5500 0.5167 1.0000e+03
1.5600 0.5200 1.0000e+03
1.5700 0.5233 1.0000e+03
1.5800 0.5267 1.0000e+03
1.5900 0.5300 1.0000e+03
1.6000 0.5333 1.0000e+03
1.6100 0.5367 1.0000e+03
1.6200 0.5400 1.0000e+03
1.6300 0.5433 1.0000e+03
1.6400 0.5467 1.0000e+03
1.6500 0.5500 1.0000e+03
1.6600 0.5533 1.0000e+03
1.6700 0.5567 1.0000e+03
1.6800 0.5600 1.0000e+03
1.6900 0.5633 1.0000e+03
1.7000 0.5667 1.0000e+03
1.7100 0.5700 1.0000e+03
1.7200 0.5733 1.0000e+03
1.7300 0.5767 1.0000e+03
1.7400 0.5800 1.0000e+03
1.7500 0.5833 1.0000e+03
1.7600 0.5867 1.0000e+03
1.7700 0.5900 1.0000e+03
1.7800 0.5933 1.0000e+03
1.7900 0.5967 1.0000e+03
1.8000 0.6000 1.0000e+03
1.8100 0.6033 1.0000e+03
1.8200 0.6067 1.0000e+03
1.8300 0.6100 1.0000e+03
1.8400 0.6133 1.0000e+03
1.8500 0.6167 1.0000e+03
1.8600 0.6200 1.0000e+03
1.8700 0.6233 1.0000e+03
1.8800 0.6267 1.0000e+03
1.8900 0.6300 1.0000e+03
1.9000 0.6333 1.0000e+03
1.9100 0.6367 1.0000e+03
1.9200 0.6400 1.0000e+03
1.9300 0.6433 1.0000e+03
1.9400 0.6467 1.0000e+03
1.9500 0.6500 1.0000e+03
1.9600 0.6533 1.0000e+03
1.9700 0.6567 1.0000e+03
1.9800 0.6600 1.0000e+03
1.9900 0.6633 1.0000e+03
2.0000 0.6667 1.0000e+03
2.0100 0.6700 1.0000e+03
2.0200 0.6733 1.0000e+03
2.0300 0.6767 1.0000e+03
2.0400 0.6800 1.0000e+03
2.0500 0.6833 1.0000e+03
2.0600 0.6867 1.0000e+03
2.0700 0.6900 1.0000e+03
2.0800 0.6933 1.0000e+03
2.0900 0.6967 1.0000e+03
2.1000 0.7000 1.0000e+03
2.1100 0.7033 1.0000e+03
2.1200 0.7067 1.0000e+03
2.1300 0.7100 1.0000e+03
2.1400 0.7133 1.0000e+03
2.1500 0.7167 1.0000e+03
2.1600 0.7200 1.0000e+03
2.1700 0.7233 1.0000e+03
2.1800 0.7267 1.0000e+03
2.1900 0.7300 1.0000e+03
2.2000 0.7333 1.0000e+03
2.2100 0.7367 1.0000e+03
2.2200 0.7400 1.0000e+03
2.2300 0.7433 1.0000e+03
2.2400 0.7467 1.0000e+03
2.2500 0.7500 1.0000e+03
2.2600 0.7533 1.0000e+03
2.2700 0.7567 1.0000e+03
2.2800 0.7600 1.0000e+03
2.2900 0.7633 1.0000e+03
2.3000 0.7667 1.0000e+03
2.3100 0.7700 1.0000e+03
2.3200 0.7733 1.0000e+03
2.3300 0.7767 1.0000e+03
2.3400 0.7800 1.0000e+03
2.3500 0.7833 1.0000e+03
2.3600 0.7867 1.0000e+03
2.3700 0.7900 1.0000e+03
2.3800 0.7933 1.0000e+03
2.3900 0.7967 1.0000e+03
2.4000 0.8000 1.0000e+03
2.4100 0.8033 1.0000e+03
2.4200 0.8067 1.0000e+03
2.4300 0.8100 1.0000e+03
2.4400 0.8133 1.0000e+03
2.4500 0.8167 1.0000e+03
2.4600 0.8200 1.0000e+03
2.4700 0.8233 1.0000e+03
2.4800 0.8267 1.0000e+03
2.4900 0.8300 1.0000e+03
2.5000 0.8333 1.0000e+03
2.5100 0.8367 1.0000e+03
2.5200 0.8400 1.0000e+03
2.5300 0.8433 1.0000e+03
2.5400 0.8467 1.0000e+03
2.5500 0.8500 1.0000e+03
2.5600 0.8533 1.0000e+03
2.5700 0.8567 1.0000e+03
2.5800 0.8600 1.0000e+03
2.5900 0.8633 1.0000e+03
2.6000 0.8667 1.0000e+03
2.6100 0.8700 1.0000e+03
2.6200 0.8733 1.0000e+03
2.6300 0.8767 1.0000e+03
2.6400 0.8800 1.0000e+03
2.6500 0.8833 1.0000e+03
2.6600 0.8867 1.0000e+03
2.6700 0.8900 1.0000e+03
2.6800 0.8933 1.0000e+03
2.6900 0.8967 1.0000e+03
2.7000 0.9000 1.0000e+03
2.7100 0.9033 1.0000e+03
2.7200 0.9067 1.0000e+03
2.7300 0.9100 1.0000e+03
2.7400 0.9133 1.0000e+03
2.7500 0.9167 1.0000e+03
2.7600 0.9200 1.0000e+03
2.7700 0.9233 1.0000e+03
2.7800 0.9267 1.0000e+03
2.7900 0.9300 1.0000e+03
2.8000 0.9333 1.0000e+03
2.8100 0.9367 1.0000e+03
2.8200 0.9400 1.0000e+03
2.8300 0.9433 1.0000e+03
2.8400 0.9467 1.0000e+03
2.8500 0.9500 1.0000e+03
2.8600 0.9533 1.0000e+03
2.8700 0.9567 1.0000e+03
2.8800 0.9600 1.0000e+03
2.8900 0.9633 1.0000e+03
2.9000 0.9667 1.0000e+03
2.9100 0.9700 1.0000e+03
2.9200 0.9733 1.0000e+03
2.9300 0.9767 1.0000e+03
2.9400 0.9800 1.0000e+03
2.9500 0.9833 1.0000e+03
2.9600 0.9867 1.0000e+03
2.9700 0.9900 1.0000e+03
2.9800 0.9933 1.0000e+03
2.9900 0.9967 1.0000e+03
3.0000 1.0000 1.0000e+03
3.0100 1.0033 1.0000e+03
3.0200 1.0067 1.0000e+03
3.0300 1.0100 1.0000e+03
3.0400 1.0133 1.0000e+03
3.0500 1.0167 1.0000e+03
3.0600 1.0200 1.0000e+03
3.0700 1.0233 1.0000e+03
3.0800 1.0267 1.0000e+03
3.0900 1.0300 1.0000e+03
3.1000 1.0333 1.0000e+03
3.1100 1.0367 1.0000e+03
3.1200 1.0400 1.0000e+03
3.1300 1.0433 1.0000e+03
3.1400 1.0467 1.0000e+03
3.1500 1.0500 1.0000e+03
3.1600 1.0533 1.0000e+03
3.1700 1.0567 1.0000e+03
3.1800 1.0600 1.0000e+03
3.1900 1.0633 1.0000e+03
3.2000 1.0667 1.0000e+03
3.2100 1.0700 1.0000e+03
3.2200 1.0733 1.0000e+03
3.2300 1.0767 1.0000e+03
3.2400 1.0800 1.0000e+03
3.2500 1.0833 1.0000e+03
3.2600 1.0867 1.0000e+03
3.2700 1.0900 1.0000e+03
3.2800 1.0933 1.0000e+03
3.2900 1.0967 1.0000e+03
3.3000 1.1000 1.0000e+03
3.3100 1.1033 1.0000e+03
3.3200 1.1067 1.0000e+03
3.3300 1.1100 1.0000e+03
3.3400 1.1133 1.0000e+03
3.3500 1.1167 1.0000e+03
3.3600 1.1200 1.0000e+03
3.3700 1.1233 1.0000e+03
3.3800 1.1267 1.0000e+03
3.3900 1.1300 1.0000e+03
3.4000 1.1333 1.0000e+03
3.4100 1.1367 1.0000e+03
3.4200 1.1400 1.0000e+03
3.4300 1.1433 1.0000e+03
3.4400 1.1467 1.0000e+03
3.4500 1.1500 1.0000e+03
3.4600 1.1533 1.0000e+03
3.4700 1.1567 1.0000e+03
3.4800 1.1600 1.0000e+03
3.4900 1.1633 1.0000e+03
3.5000 1.1667 1.0000e+03
3.5100 1.1700 1.0000e+03
3.5200 1.1733 1.0000e+03
3.5300 1.1767 1.0000e+03
3.5400 1.1800 1.0000e+03
3.5500 1.1833 1.0000e+03
3.5600 1.1867 1.0000e+03
3.5700 1.1900 1.0000e+03
3.5800 1.1933 1.0000e+03
3.5900 1.1967 1.0000e+03
3.6000 1.2000 1.0000e+03
3.6100 1.2033 1.0000e+03
3.6200 1.2067 1.0000e+03
3.6300 1.2100 1.0000e+03
3.6400 1.2133 1.0000e+03
3.6500 1.2167 1.0000e+03
3.6600 1.2200 1.0000e+03
3.6700 1.2233 1.0000e+03
3.6800 1.2267 1.0000e+03
3.6900 1.2300 1.0000e+03
3.7000 1.2333 1.0000e+03
3.7100 1.2367 1.0000e+03
3.7200 1.2400 1.0000e+03
3.7300 1.2433 1.0000e+03
3.7400 1.2467 1.0000e+03
3.7500 1.2500 1.0000e+03
3.7600 1.2533 1.0000e+03
3.7700 1.2567 1.0000e+03
3.7800 1.2600 1.0000e+03
3.7900 1.2633 1.0000e+03
3.8000 1.2667 1.0000e+03
3.8100 1.2700 1.0000e+03
3.8200 1.2733 1.0000e+03
3.8300 1.2767 1.0000e+03
3.8400 1.2800 1.0000e+03
3.8500 1.2833 1.0000e+03
3.8600 1.2867 1.0000e+03
3.8700 1.2900 1.0000e+03
3.8800 1.2933 1.0000e+03
3.8900 1.2967 1.0000e+03
3.9000 1.3000 1.0000e+03
3.9100 1.3033 1.0000e+03
3.9200 1.3067 1.0000e+03
3.9300 1.3100 1.0000e+03
3.9400 1.3133 1.0000e+03
3.9500 1.3167 1.0000e+03
3.9600 1.3200 1.0000e+03
3.9700 1.3233 1.0000e+03
3.9800 1.3267 1.0000e+03
3.9900 1.3300 1.0000e+03
