0.0010 0.0003 3.4000e-11
0.0020 0.0007 5.4400e-10
0.0030 0.0010 2.7540e-09
0.0040 0.0013 8.7040e-09
0.0050 0.0017 2.1250e-08
0.0060 0.0020 4.4064e-08
0.0070 0.0023 8.1634e-08
0.0080 0.0027 1.3926e-07
0.0090 0.0030 2.2307e-07
0.0100 0.0033 3.4000e-07
0.0110 0.0037 4.9779e-07
0.0120 0.0040 7.0502e-07
0.0130 0.0043 9.7107e-07
0.0140 0.0047 1.3061e-06
0.0150 0.0050 1.7213e-06
0.0160 0.0053 2.2282e-06
0.0170 0.0057 2.8397e-06
0.0180 0.0060 3.5692e-06
0.0190 0.0063 4.4309e-06
0.0200 0.0067 5.4400e-06
0.0210 0.0070 6.6124e-06
0.0220 0.0073 7.9647e-06
0.0230 0.0077 9.5146e-06
0.0240 0.0080 1.1280e-05
0.0250 0.0083 1.3281e-05
0.0260 0.0087 1.5537e-05
0.0270 0.0090 1.8069e-05
0.0280 0.0093 2.0898e-05
0.0290 0.0097 2.4048e-05
0.0300 0.0100 2.7540e-05
0.0310 0.0103 3.1400e-05
0.0320 0.0107 3.5652e-05
0.0330 0.0110 4.0321e-05
0.0340 0.0113 4.5435e-05
0.0350 0.0117 5.1021e-05
0.0360 0.0120 5.7107e-05
0.0370 0.0123 6.3721e-05
0.0380 0.0127 7.0895e-05
0.0390 0.0130 7.8657e-05
0.0400 0.0133 8.7040e-05
0.0410 0.0137 9.6076e-05
0.0420 0.0140 1.0580e-04
0.0430 0.0143 1.1624e-04
0.0440 0.0147 1.2744e-04
0.0450 0.0150 1.3942e-04
0.0460 0.0153 1.5223e-04
0.0470 0.0157 1.6591e-04
0.0480 0.0160 1.8049e-04
0.0490 0.0163 1.9600e-04
0.0500 0.0167 2.1250e-04
0.0510 0.0170 2.3002e-04
0.0520 0.0173 2.4859e-04
0.0530 0.0177 2.6828e-04
0.0540 0.0180 2.8910e-04
0.0550 0.0183 3.1112e-04
0.0560 0.0187 3.3437e-04
0.0570 0.0190 3.5890e-04
0.0580 0.0193 3.8476e-04
0.0590 0.0197 4.1199e-04
0.0600 0.0200 4.4064e-04
0.0610 0.0203 4.7076e-04
0.0620 0.0207 5.0240e-04
0.0630 0.0210 5.3560e-04
0.0640 0.0213 5.7043e-04
0.0650 0.0217 6.0692e-04
0.0660 0.0220 6.4514e-04
0.0670 0.0223 6.8514e-04
0.0680 0.0227 7.2697e-04
0.0690 0.0230 7.7068e-04
0.0700 0.0233 8.1634e-04
0.0710 0.0237 8.6400e-04
0.0720 0.0240 9.1371e-04
0.0730 0.0243 9.6554e-04
0.0740 0.0247 1.0195e-03
0.0750 0.0250 1.0758e-03
0.0760 0.0253 1.1343e-03
0.0770 0.0257 1.1952e-03
0.0780 0.0260 1.2585e-03
0.0790 0.0263 1.3243e-03
0.0800 0.0267 1.3926e-03
0.0810 0.0270 1.4636e-03
0.0820 0.0273 1.5372e-03
0.0830 0.0277 1.6136e-03
0.0840 0.0280 1.6928e-03
0.0850 0.0283 1.7748e-03
0.0860 0.0287 1.8598e-03
0.0870 0.0290 1.9479e-03
0.0880 0.0293 2.0390e-03
0.0890 0.0297 2.1332e-03
0.0900 0.0300 2.2307e-03
0.0910 0.0303 2.3315e-03
0.0920 0.0307 2.4357e-03
0.0930 0.0310 2.5434e-03
0.0940 0.0313 2.6545e-03
0.0950 0.0317 2.7693e-03
0.0960 0.0320 2.8878e-03
0.0970 0.0323 3.0100e-03
0.0980 0.0327 3.1361e-03
0.0990 0.0330 3.2660e-03
0.1000 0.0333 3.4000e-03
0.1010 0.0337 3.5381e-03
0.1020 0.0340 3.6803e-03
0.1030 0.0343 3.8267e-03
0.1040 0.0347 3.9775e-03
0.1050 0.0350 4.1327e-03
0.1060 0.0353 4.2924e-03
0.1070 0.0357 4.4567e-03
0.1080 0.0360 4.6257e-03
0.1090 0.0363 4.7994e-03
0.1100 0.0367 4.9779e-03
0.1110 0.0370 5.1614e-03
0.1120 0.0373 5.3500e-03
0.1130 0.0377 5.5436e-03
0.1140 0.0380 5.7425e-03
0.1150 0.0383 5.9466e-03
0.1160 0.0387 6.1562e-03
0.1170 0.0390 6.3712e-03
0.1180 0.0393 6.5918e-03
0.1190 0.0397 6.8182e-03
0.1200 0.0400 7.0502e-03
0.1210 0.0403 7.2882e-03
0.1220 0.0407 7.5321e-03
0.1230 0.0410 7.7821e-03
0.1240 0.0413 8.0383e-03
0.1250 0.0417 8.3008e-03
0.1260 0.0420 8.5696e-03
0.1270 0.0423 8.8449e-03
0.1280 0.0427 9.1268e-03
0.1290 0.0430 9.4154e-03
0.1300 0.0433 9.7107e-03
0.1310 0.0437 1.0013e-02
0.1320 0.0440 1.0322e-02
0.1330 0.0443 1.0639e-02
0.1340 0.0447 1.0962e-02
0.1350 0.0450 1.1293e-02
0.1360 0.0453 1.1631e-02
0.1370 0.0457 1.1977e-02
0.1380 0.0460 1.2331e-02
0.1390 0.0463 1.2692e-02
0.1400 0.0467 1.3061e-02
0.1410 0.0470 1.3439e-02
0.1420 0.0473 1.3824e-02
0.1430 0.0477 1.4217e-02
0.1440 0.0480 1.4619e-02
0.1450 0.0483 1.5030e-02
0.1460 0.0487 1.5449e-02
0.1470 0.0490 1.5876e-02
0.1480 0.0493 1.6313e-02
0.1490 0.0497 1.6758e-02
0.1500 0.0500 1.7212e-02
0.1510 0.0503 1.7676e-02
0.1520 0.0507 1.8149e-02
0.1530 0.0510 1.8631e-02
0.1540 0.0513 1.9123e-02
0.1550 0.0517 1.9625e-02
0.1560 0.0520 2.0136e-02
0.1570 0.0523 2.0657e-02
0.1580 0.0527 2.1189e-02
0.1590 0.0530 2.1730e-02
0.1600 0.0533 2.2282e-02
0.1610 0.0537 2.2845e-02
0.1620 0.0540 2.3417e-02
0.1630 0.0543 2.4001e-02
0.1640 0.0547 2.4595e-02
0.1650 0.0550 2.5201e-02
0.1660 0.0553 2.5817e-02
0.1670 0.0557 2.6445e-02
0.1680 0.0560 2.7084e-02
0.1690 0.0563 2.7735e-02
0.1700 0.0567 2.8397e-02
0.1710 0.0570 2.9071e-02
0.1720 0.0573 2.9757e-02
0.1730 0.0577 3.0455e-02
0.1740 0.0580 3.1166e-02
0.1750 0.0583 3.1888e-02
0.1760 0.0587 3.2623e-02
0.1770 0.0590 3.3371e-02
0.1780 0.0593 3.4132e-02
0.1790 0.0597 3.4905e-02
0.1800 0.0600 3.5692e-02
0.1810 0.0603 3.6492e-02
0.1820 0.0607 3.7305e-02
0.1830 0.0610 3.8131e-02
0.1840 0.0613 3.8972e-02
0.1850 0.0617 3.9826e-02
0.1860 0.0620 4.0694e-02
0.1870 0.0623 4.1576e-02
0.1880 0.0627 4.2473e-02
0.1890 0.0630 4.3384e-02
0.1900 0.0633 4.4309e-02
0.1910 0.0637 4.5249e-02
0.1920 0.0640 4.6204e-02
0.1930 0.0643 4.7175e-02
0.1940 0.0647 4.8160e-02
0.1950 0.0650 4.9161e-02
0.1960 0.0653 5.0177e-02
0.1970 0.0657 5.1209e-02
0.1980 0.0660 5.2256e-02
0.1990 0.0663 5.3320e-02
0.2000 0.0667 5.4400e-02
0.2010 0.0670 5.5496e-02
0.2020 0.0673 5.6609e-02
0.2030 0.0677 5.7738e-02
0.2040 0.0680 5.8884e-02
0.2050 0.0683 6.0047e-02
0.2060 0.0687 6.1228e-02
0.2070 0.0690 6.2425e-02
0.2080 0.0693 6.3640e-02
0.2090 0.0697 6.4873e-02
0.2100 0.0700 6.6124e-02
0.2110 0.0703 6.7392e-02
0.2120 0.0707 6.8679e-02
0.2130 0.0710 6.9984e-02
0.2140 0.0713 7.1307e-02
0.2150 0.0717 7.2650e-02
0.2160 0.0720 7.4011e-02
0.2170 0.0723 7.5391e-02
0.2180 0.0727 7.6790e-02
0.2190 0.0730 7.8209e-02
0.2200 0.0733 7.9647e-02
0.2210 0.0737 8.1105e-02
0.2220 0.0740 8.2583e-02
0.2230 0.0743 8.4081e-02
0.2240 0.0747 8.5599e-02
0.2250 0.0750 8.7138e-02
0.2260 0.0753 8.8698e-02
0.2270 0.0757 9.0278e-02
0.2280 0.0760 9.1879e-02
0.2290 0.0763 9.3502e-02
0.2300 0.0767 9.5146e-02
0.2310 0.0770 9.6811e-02
0.2320 0.0773 9.8499e-02
0.2330 0.0777 1.0021e-01
0.2340 0.0780 1.0194e-01
0.2350 0.0783 1.0369e-01
0.2360 0.0787 1.0547e-01
0.2370 0.0790 1.0727e-01
0.2380 0.0793 1.0909e-01
0.2390 0.0797 1.1094e-01
0.2400 0.0800 1.1280e-01
0.2410 0.0803 1.1470e-01
0.2420 0.0807 1.1661e-01
0.2430 0.0810 1.1855e-01
0.2440 0.0813 1.2051e-01
0.2450 0.0817 1.2250e-01
0.2460 0.0820 1.2451e-01
0.2470 0.0823 1.2655e-01
0.2480 0.0827 1.2861e-01
0.2490 0.0830 1.3070e-01
0.2500 0.0833 1.3281e-01
0.2510 0.0837 1.3495e-01
0.2520 0.0840 1.3711e-01
0.2530 0.0843 1.3930e-01
0.2540 0.0847 1.4152e-01
0.2550 0.0850 1.4376e-01
0.2560 0.0853 1.4603e-01
0.2570 0.0857 1.4832e-01
0.2580 0.0860 1.5065e-01
0.2590 0.0863 1.5300e-01
0.2600 0.0867 1.5537e-01
0.2610 0.0870 1.5778e-01
0.2620 0.0873 1.6021e-01
0.2630 0.0877 1.6267e-01
0.2640 0.0880 1.6516e-01
0.2650 0.0883 1.6767e-01
0.2660 0.0887 1.7022e-01
0.2670 0.0890 1.7279e-01
0.2680 0.0893 1.7540e-01
0.2690 0.0897 1.7803e-01
0.2700 0.0900 1.8069e-01
0.2710 0.0903 1.8338e-01
0.2720 0.0907 1.8610e-01
0.2730 0.0910 1.8886e-01
0.2740 0.0913 1.9164e-01
0.2750 0.0917 1.9445e-01
0.2760 0.0920 1.9729e-01
0.2770 0.0923 2.0017e-01
0.2780 0.0927 2.0308e-01
0.2790 0.0930 2.0601e-01
0.2800 0.0933 2.0898e-01
0.2810 0.0937 2.1198e-01
0.2820 0.0940 2.1502e-01
0.2830 0.0943 2.1808e-01
0.2840 0.0947 2.2118e-01
0.2850 0.0950 2.2432e-01
0.2860 0.0953 2.2748e-01
0.2870 0.0957 2.3068e-01
0.2880 0.0960 2.3391e-01
0.2890 0.0963 2.3718e-01
0.2900 0.0967 2.4048e-01
0.2910 0.0970 2.4381e-01
0.2920 0.0973 2.4718e-01
0.2930 0.0977 2.5058e-01
0.2940 0.0980 2.5402e-01
0.2950 0.0983 2.5749e-01
0.2960 0.0987 2.6100e-01
0.2970 0.0990 2.6455e-01
0.2980 0.0993 2.6813e-01
0.2990 0.0997 2.7175e-01
0.3000 0.1000 2.7540e-01
0.3010 0.1003 2.7909e-01
0.3020 0.1007 2.8282e-01
0.3030 0.1010 2.8658e-01
0.3040 0.1013 2.9038e-01
0.3050 0.1017 2.9422e-01
0.3060 0.1020 2.9810e-01
0.3070 0.1023 3.0202e-01
0.3080 0.1027 3.0597e-01
0.3090 0.1030 3.0997e-01
0.3100 0.1033 3.1400e-01
0.3110 0.1037 3.1807e-01
0.3120 0.1040 3.2218e-01
0.3130 0.1043 3.2633e-01
0.3140 0.1047 3.3052e-01
0.3150 0.1050 3.3475e-01
0.3160 0.1053 3.3902e-01
0.3170 0.1057 3.4333e-01
0.3180 0.1060 3.4769e-01
0.3190 0.1063 3.5208e-01
0.3200 0.1067 3.5652e-01
0.3210 0.1070 3.6099e-01
0.3220 0.1073 3.6551e-01
0.3230 0.1077 3.7007e-01
0.3240 0.1080 3.7468e-01
0.3250 0.1083 3.7933e-01
0.3260 0.1087 3.8402e-01
0.3270 0.1090 3.8875e-01
0.3280 0.1093 3.9353e-01
0.3290 0.1097 3.9835e-01
0.3300 0.1100 4.0321e-01
0.3310 0.1103 4.0812e-01
0.3320 0.1107 4.1308e-01
0.3330 0.1110 4.1808e-01
0.3340 0.1113 4.2312e-01
0.3350 0.1117 4.2821e-01
0.3360 0.1120 4.3335e-01
0.3370 0.1123 4.3853e-01
0.3380 0.1127 4.4376e-01
0.3390 0.1130 4.4903e-01
0.3400 0.1133 4.5435e-01
0.3410 0.1137 4.5972e-01
0.3420 0.1140 4.6514e-01
0.3430 0.1143 4.7060e-01
0.3440 0.1147 4.7612e-01
0.3450 0.1150 4.8168e-01
0.3460 0.1153 4.8729e-01
0.3470 0.1157 4.9294e-01
0.3480 0.1160 4.9865e-01
0.3490 0.1163 5.0441e-01
0.3500 0.1167 5.1021e-01
0.3510 0.1170 5.1607e-01
0.3520 0.1173 5.2197e-01
0.3530 0.1177 5.2793e-01
0.3540 0.1180 5.3394e-01
0.3550 0.1183 5.4000e-01
0.3560 0.1187 5.4611e-01
0.3570 0.1190 5.5227e-01
0.3580 0.1193 5.5848e-01
0.3590 0.1197 5.6475e-01
0.3600 0.1200 5.7107e-01
0.3610 0.1203 5.7744e-01
0.3620 0.1207 5.8387e-01
0.3630 0.1210 5.9034e-01
0.3640 0.1213 5.9688e-01
0.3650 0.1217 6.0346e-01
0.3660 0.1220 6.1010e-01
0.3670 0.1223 6.1680e-01
0.3680 0.1227 6.2355e-01
0.3690 0.1230 6.3035e-01
0.3700 0.1233 6.3721e-01
0.3710 0.1237 6.4413e-01
0.3720 0.1240 6.5110e-01
0.3730 0.1243 6.5813e-01
0.3740 0.1247 6.6522e-01
0.3750 0.1250 6.7236e-01
0.3760 0.1253 6.7956e-01
0.3770 0.1257 6.8682e-01
0.3780 0.1260 6.9414e-01
0.3790 0.1263 7.0151e-01
0.3800 0.1267 7.0895e-01
0.3810 0.1270 7.1644e-01
0.3820 0.1273 7.2399e-01
0.3830 0.1277 7.3160e-01
0.3840 0.1280 7.3927e-01
0.3850 0.1283 7.4700e-01
0.3860 0.1287 7.5479e-01
0.3870 0.1290 7.6265e-01
0.3880 0.1293 7.7056e-01
0.3890 0.1297 7.7853e-01
0.3900 0.1300 7.8657e-01
0.3910 0.1303 7.9467e-01
0.3920 0.1307 8.0283e-01
0.3930 0.1310 8.1105e-01
0.3940 0.1313 8.1934e-01
0.3950 0.1317 8.2769e-01
0.3960 0.1320 8.3610e-01
0.3970 0.1323 8.4458e-01
0.3980 0.1327 8.5312e-01
0.3990 0.1330 8.6173e-01
0.4000 0.1333 8.7040e-01
0.4010 0.1337 8.7914e-01
0.4020 0.1340 8.8794e-01
0.4030 0.1343 8.9681e-01
0.4040 0.1347 9.0574e-01
0.4050 0.1350 9.1474e-01
0.4060 0.1353 9.2381e-01
0.4070 0.1357 9.3295e-01
0.4080 0.1360 9.4215e-01
0.4090 0.1363 9.5142e-01
0.4100 0.1367 9.6076e-01
0.4110 0.1370 9.7017e-01
0.4120 0.1373 9.7964e-01
0.4130 0.1377 9.8919e-01
0.4140 0.1380 9.9880e-01
0.4150 0.1383 1.0085e+00
0.4160 0.1387 1.0182e+00
0.4170 0.1390 1.0281e+00
0.4180 0.1393 1.0380e+00
0.4190 0.1397 1.0479e+00
0.4200 0.1400 1.0580e+00
0.4210 0.1403 1.0681e+00
0.4220 0.1407 1.0783e+00
0.4230 0.1410 1.0885e+00
0.4240 0.1413 1.0989e+00
0.4250 0.1417 1.1093e+00
0.4260 0.1420 1.1197e+00
0.4270 0.1423 1.1303e+00
0.4280 0.1427 1.1409e+00
0.4290 0.1430 1.1516e+00
0.4300 0.1433 1.1624e+00
0.4310 0.1437 1.1732e+00
0.4320 0.1440 1.1842e+00
0.4330 0.1443 1.1952e+00
0.4340 0.1447 1.2063e+00
0.4350 0.1450 1.2174e+00
0.4360 0.1453 1.2286e+00
0.4370 0.1457 1.2400e+00
0.4380 0.1460 1.2513e+00
0.4390 0.1463 1.2628e+00
0.4400 0.1467 1.2744e+00
0.4410 0.1470 1.2860e+00
0.4420 0.1473 1.2977e+00
0.4430 0.1477 1.3095e+00
0.4440 0.1480 1.3213e+00
0.4450 0.1483 1.3333e+00
0.4460 0.1487 1.3453e+00
0.4470 0.1490 1.3574e+00
0.4480 0.1493 1.3696e+00
0.4490 0.1497 1.3819e+00
0.4500 0.1500 1.3942e+00
0.4510 0.1503 1.4066e+00
0.4520 0.1507 1.4192e+00
0.4530 0.1510 1.4318e+00
0.4540 0.1513 1.4444e+00
0.4550 0.1517 1.4572e+00
0.4560 0.1520 1.4701e+00
0.4570 0.1523 1.4830e+00
0.4580 0.1527 1.4960e+00
0.4590 0.1530 1.5091e+00
0.4600 0.1533 1.5223e+00
0.4610 0.1537 1.5356e+00
0.4620 0.1540 1.5490e+00
0.4630 0.1543 1.5624e+00
0.4640 0.1547 1.5760e+00
0.4650 0.1550 1.5896e+00
0.4660 0.1553 1.6033e+00
0.4670 0.1557 1.6171e+00
0.4680 0.1560 1.6310e+00
0.4690 0.1563 1.6450e+00
0.4700 0.1567 1.6591e+00
0.4710 0.1570 1.6733e+00
0.4720 0.1573 1.6875e+00
0.4730 0.1577 1.7019e+00
0.4740 0.1580 1.7163e+00
0.4750 0.1583 1.7308e+00
0.4760 0.1587 1.7454e+00
0.4770 0.1590 1.7602e+00
0.4780 0.1593 1.7750e+00
0.4790 0.1597 1.7899e+00
0.4800 0.1600 1.8049e+00
0.4810 0.1603 1.8199e+00
0.4820 0.1607 1.8351e+00
0.4830 0.1610 1.8504e+00
0.4840 0.1613 1.8658e+00
0.4850 0.1617 1.8812e+00
0.4860 0.1620 1.8968e+00
0.4870 0.1623 1.9125e+00
0.4880 0.1627 1.9282e+00
0.4890 0.1630 1.9441e+00
0.4900 0.1633 1.9600e+00
0.4910 0.1637 1.9761e+00
0.4920 0.1640 1.9922e+00
0.4930 0.1643 2.0085e+00
0.4940 0.1647 2.0248e+00
0.4950 0.1650 2.0413e+00
0.4960 0.1653 2.0578e+00
0.4970 0.1657 2.0745e+00
0.4980 0.1660 2.0912e+00
0.4990 0.1663 2.1081e+00
0.5000 0.1667 2.1250e+00
0.5010 0.1670 2.1421e+00
0.5020 0.1673 2.1592e+00
0.5030 0.1677 2.1765e+00
0.5040 0.1680 2.1938e+00
0.5050 0.1683 2.2113e+00
0.5060 0.1687 2.2289e+00
0.5070 0.1690 2.2465e+00
0.5080 0.1693 2.2643e+00
0.5090 0.1697 2.2822e+00
0.5100 0.1700 2.3002e+00
0.5110 0.1703 2.3183e+00
0.5120 0.1707 2.3365e+00
0.5130 0.1710 2.3548e+00
0.5140 0.1713 2.3732e+00
0.5150 0.1717 2.3917e+00
0.5160 0.1720 2.4103e+00
0.5170 0.1723 2.4291e+00
0.5180 0.1727 2.4479e+00
0.5190 0.1730 2.4669e+00
0.5200 0.1733 2.4859e+00
0.5210 0.1737 2.5051e+00
0.5220 0.1740 2.5244e+00
0.5230 0.1743 2.5438e+00
0.5240 0.1747 2.5633e+00
0.5250 0.1750 2.5830e+00
0.5260 0.1753 2.6027e+00
0.5270 0.1757 2.6225e+00
0.5280 0.1760 2.6425e+00
0.5290 0.1763 2.6626e+00
0.5300 0.1767 2.6828e+00
0.5310 0.1770 2.7031e+00
0.5320 0.1773 2.7235e+00
0.5330 0.1777 2.7440e+00
0.5340 0.1780 2.7647e+00
0.5350 0.1783 2.7854e+00
0.5360 0.1787 2.8063e+00
0.5370 0.1790 2.8273e+00
0.5380 0.1793 2.8484e+00
0.5390 0.1797 2.8697e+00
0.5400 0.1800 2.8910e+00
0.5410 0.1803 2.9125e+00
0.5420 0.1807 2.9341e+00
0.5430 0.1810 2.9558e+00
0.5440 0.1813 2.9777e+00
0.5450 0.1817 2.9996e+00
0.5460 0.1820 3.0217e+00
0.5470 0.1823 3.0439e+00
0.5480 0.1827 3.0662e+00
0.5490 0.1830 3.0886e+00
0.5500 0.1833 3.1112e+00
0.5510 0.1837 3.1339e+00
0.5520 0.1840 3.1567e+00
0.5530 0.1843 3.1797e+00
0.5540 0.1847 3.2027e+00
0.5550 0.1850 3.2259e+00
0.5560 0.1853 3.2492e+00
0.5570 0.1857 3.2727e+00
0.5580 0.1860 3.2962e+00
0.5590 0.1863 3.3199e+00
0.5600 0.1867 3.3437e+00
0.5610 0.1870 3.3677e+00
0.5620 0.1873 3.3918e+00
0.5630 0.1877 3.4160e+00
0.5640 0.1880 3.4403e+00
0.5650 0.1883 3.4648e+00
0.5660 0.1887 3.4894e+00
0.5670 0.1890 3.5141e+00
0.5680 0.1893 3.5389e+00
0.5690 0.1897 3.5639e+00
0.5700 0.1900 3.5890e+00
0.5710 0.1903 3.6143e+00
0.5720 0.1907 3.6397e+00
0.5730 0.1910 3.6652e+00
0.5740 0.1913 3.6909e+00
0.5750 0.1917 3.7166e+00
0.5760 0.1920 3.7426e+00
0.5770 0.1923 3.7686e+00
0.5780 0.1927 3.7948e+00
0.5790 0.1930 3.8211e+00
0.5800 0.1933 3.8476e+00
0.5810 0.1937 3.8742e+00
0.5820 0.1940 3.9010e+00
0.5830 0.1943 3.9278e+00
0.5840 0.1947 3.9549e+00
0.5850 0.1950 3.9820e+00
0.5860 0.1953 4.0093e+00
0.5870 0.1957 4.0367e+00
0.5880 0.1960 4.0643e+00
0.5890 0.1963 4.0920e+00
0.5900 0.1967 4.1199e+00
0.5910 0.1970 4.1479e+00
0.5920 0.1973 4.1761e+00
0.5930 0.1977 4.2043e+00
0.5940 0.1980 4.2328e+00
0.5950 0.1983 4.2613e+00
0.5960 0.1987 4.2901e+00
0.5970 0.1990 4.3189e+00
0.5980 0.1993 4.3479e+00
0.5990 0.1997 4.3771e+00
0.6000 0.2000 4.4064e+00
0.6010 0.2003 4.4358e+00
0.6020 0.2007 4.4654e+00
0.6030 0.2010 4.4952e+00
0.6040 0.2013 4.5251e+00
0.6050 0.2017 4.5551e+00
0.6060 0.2020 4.5853e+00
0.6070 0.2023 4.6157e+00
0.6080 0.2027 4.6462e+00
0.6090 0.2030 4.6768e+00
0.6100 0.2033 4.7076e+00
0.6110 0.2037 4.7385e+00
0.6120 0.2040 4.7696e+00
0.6130 0.2043 4.8009e+00
0.6140 0.2047 4.8323e+00
0.6150 0.2050 4.8638e+00
0.6160 0.2053 4.8956e+00
0.6170 0.2057 4.9274e+00
0.6180 0.2060 4.9594e+00
0.6190 0.2063 4.9916e+00
0.6200 0.2067 5.0240e+00
0.6210 0.2070 5.0564e+00
0.6220 0.2073 5.0891e+00
0.6230 0.2077 5.1219e+00
0.6240 0.2080 5.1549e+00
0.6250 0.2083 5.1880e+00
0.6260 0.2087 5.2213e+00
0.6270 0.2090 5.2547e+00
0.6280 0.2093 5.2883e+00
0.6290 0.2097 5.3221e+00
0.6300 0.2100 5.3560e+00
0.6310 0.2103 5.3901e+00
0.6320 0.2107 5.4243e+00
0.6330 0.2110 5.4588e+00
0.6340 0.2113 5.4933e+00
0.6350 0.2117 5.5281e+00
0.6360 0.2120 5.5630e+00
0.6370 0.2123 5.5980e+00
0.6380 0.2127 5.6333e+00
0.6390 0.2130 5.6687e+00
0.6400 0.2133 5.7043e+00
0.6410 0.2137 5.7400e+00
0.6420 0.2140 5.7759e+00
0.6430 0.2143 5.8120e+00
0.6440 0.2147 5.8482e+00
0.6450 0.2150 5.8846e+00
0.6460 0.2153 5.9212e+00
0.6470 0.2157 5.9579e+00
0.6480 0.2160 5.9949e+00
0.6490 0.2163 6.0319e+00
0.6500 0.2167 6.0692e+00
0.6510 0.2170 6.1066e+00
0.6520 0.2173 6.1443e+00
0.6530 0.2177 6.1820e+00
0.6540 0.2180 6.2200e+00
0.6550 0.2183 6.2581e+00
0.6560 0.2187 6.2964e+00
0.6570 0.2190 6.3349e+00
0.6580 0.2193 6.3736e+00
0.6590 0.2197 6.4124e+00
0.6600 0.2200 6.4514e+00
0.6610 0.2203 6.4906e+00
0.6620 0.2207 6.5300e+00
0.6630 0.2210 6.5695e+00
0.6640 0.2213 6.6092e+00
0.6650 0.2217 6.6491e+00
0.6660 0.2220 6.6892e+00
0.6670 0.2223 6.7295e+00
0.6680 0.2227 6.7699e+00
0.6690 0.2230 6.8106e+00
0.6700 0.2233 6.8514e+00
0.6710 0.2237 6.8924e+00
0.6720 0.2240 6.9336e+00
0.6730 0.2243 6.9749e+00
0.6740 0.2247 7.0165e+00
0.6750 0.2250 7.0582e+00
0.6760 0.2253 7.1001e+00
0.6770 0.2257 7.1422e+00
0.6780 0.2260 7.1845e+00
0.6790 0.2263 7.2270e+00
0.6800 0.2267 7.2697e+00
0.6810 0.2270 7.3125e+00
0.6820 0.2273 7.3556e+00
0.6830 0.2277 7.3988e+00
0.6840 0.2280 7.4422e+00
0.6850 0.2283 7.4859e+00
0.6860 0.2287 7.5297e+00
0.6870 0.2290 7.5737e+00
0.6880 0.2293 7.6179e+00
0.6890 0.2297 7.6622e+00
0.6900 0.2300 7.7068e+00
0.6910 0.2303 7.7516e+00
0.6920 0.2307 7.7966e+00
0.6930 0.2310 7.8417e+00
0.6940 0.2313 7.8871e+00
0.6950 0.2317 7.9326e+00
0.6960 0.2320 7.9784e+00
0.6970 0.2323 8.0244e+00
0.6980 0.2327 8.0705e+00
0.6990 0.2330 8.1169e+00
0.7000 0.2333 8.1634e+00
0.7010 0.2337 8.2101e+00
0.7020 0.2340 8.2571e+00
0.7030 0.2343 8.3042e+00
0.7040 0.2347 8.3516e+00
0.7050 0.2350 8.3992e+00
0.7060 0.2353 8.4469e+00
0.7070 0.2357 8.4949e+00
0.7080 0.2360 8.5430e+00
0.7090 0.2363 8.5914e+00
0.7100 0.2367 8.6400e+00
0.7110 0.2370 8.6888e+00
0.7120 0.2373 8.7377e+00
0.7130 0.2377 8.7869e+00
0.7140 0.2380 8.8363e+00
0.7150 0.2383 8.8859e+00
0.7160 0.2387 8.9357e+00
0.7170 0.2390 8.9858e+00
0.7180 0.2393 9.0360e+00
0.7190 0.2397 9.0865e+00
0.7200 0.2400 9.1371e+00
0.7210 0.2403 9.1880e+00
0.7220 0.2407 9.2391e+00
0.7230 0.2410 9.2904e+00
0.7240 0.2413 9.3419e+00
0.7250 0.2417 9.3936e+00
0.7260 0.2420 9.4455e+00
0.7270 0.2423 9.4977e+00
0.7280 0.2427 9.5500e+00
0.7290 0.2430 9.6026e+00
0.7300 0.2433 9.6554e+00
0.7310 0.2437 9.7084e+00
0.7320 0.2440 9.7617e+00
0.7330 0.2443 9.8151e+00
0.7340 0.2447 9.8688e+00
0.7350 0.2450 9.9227e+00
0.7360 0.2453 9.9768e+00
0.7370 0.2457 1.0031e+01
0.7380 0.2460 1.0086e+01
0.7390 0.2463 1.0140e+01
0.7400 0.2467 1.0195e+01
0.7410 0.2470 1.0251e+01
0.7420 0.2473 1.0306e+01
0.7430 0.2477 1.0362e+01
0.7440 0.2480 1.0418e+01
0.7450 0.2483 1.0474e+01
0.7460 0.2487 1.0530e+01
0.7470 0.2490 1.0587e+01
0.7480 0.2493 1.0644e+01
0.7490 0.2497 1.0701e+01
0.7500 0.2500 1.0758e+01
0.7510 0.2503 1.0815e+01
0.7520 0.2507 1.0873e+01
0.7530 0.2510 1.0931e+01
0.7540 0.2513 1.0989e+01
0.7550 0.2517 1.1048e+01
0.7560 0.2520 1.1106e+01
0.7570 0.2523 1.1165e+01
0.7580 0.2527 1.1224e+01
0.7590 0.2530 1.1284e+01
0.7600 0.2533 1.1343e+01
0.7610 0.2537 1.1403e+01
0.7620 0.2540 1.1463e+01
0.7630 0.2543 1.1523e+01
0.7640 0.2547 1.1584e+01
0.7650 0.2550 1.1645e+01
0.7660 0.2553 1.1706e+01
0.7670 0.2557 1.1767e+01
0.7680 0.2560 1.1828e+01
0.7690 0.2563 1.1890e+01
0.7700 0.2567 1.1952e+01
0.7710 0.2570 1.2014e+01
0.7720 0.2573 1.2077e+01
0.7730 0.2577 1.2139e+01
0.7740 0.2580 1.2202e+01
0.7750 0.2583 1.2266e+01
0.7760 0.2587 1.2329e+01
0.7770 0.2590 1.2393e+01
0.7780 0.2593 1.2457e+01
0.7790 0.2597 1.2521e+01
0.7800 0.2600 1.2585e+01
0.7810 0.2603 1.2650e+01
0.7820 0.2607 1.2715e+01
0.7830 0.2610 1.2780e+01
0.7840 0.2613 1.2845e+01
0.7850 0.2617 1.2911e+01
0.7860 0.2620 1.2977e+01
0.7870 0.2623 1.3043e+01
0.7880 0.2627 1.3109e+01
0.7890 0.2630 1.3176e+01
0.7900 0.2633 1.3243e+01
0.7910 0.2637 1.3310e+01
0.7920 0.2640 1.3378e+01
0.7930 0.2643 1.3445e+01
0.7940 0.2647 1.3513e+01
0.7950 0.2650 1.3581e+01
0.7960 0.2653 1.3650e+01
0.7970 0.2657 1.3719e+01
0.7980 0.2660 1.3788e+01
0.7990 0.2663 1.3857e+01
0.8000 0.2667 1.3926e+01
0.8010 0.2670 1.3996e+01
0.8020 0.2673 1.4066e+01
0.8030 0.2677 1.4136e+01
0.8040 0.2680 1.4207e+01
0.8050 0.2683 1.4278e+01
0.8060 0.2687 1.4349e+01
0.8070 0.2690 1.4420e+01
0.8080 0.2693 1.4492e+01
0.8090 0.2697 1.4564e+01
0.8100 0.2700 1.4636e+01
0.8110 0.2703 1.4708e+01
0.8120 0.2707 1.4781e+01
0.8130 0.2710 1.4854e+01
0.8140 0.2713 1.4927e+01
0.8150 0.2717 1.5001e+01
0.8160 0.2720 1.5074e+01
0.8170 0.2723 1.5148e+01
0.8180 0.2727 1.5223e+01
0.8190 0.2730 1.5297e+01
0.8200 0.2733 1.5372e+01
0.8210 0.2737 1.5447e+01
0.8220 0.2740 1.5523e+01
0.8230 0.2743 1.5598e+01
0.8240 0.2747 1.5674e+01
0.8250 0.2750 1.5751e+01
0.8260 0.2753 1.5827e+01
0.8270 0.2757 1.5904e+01
0.8280 0.2760 1.5981e+01
0.8290 0.2763 1.6058e+01
0.8300 0.2767 1.6136e+01
0.8310 0.2770 1.6214e+01
0.8320 0.2773 1.6292e+01
0.8330 0.2777 1.6370e+01
0.8340 0.2780 1.6449e+01
0.8350 0.2783 1.6528e+01
0.8360 0.2787 1.6607e+01
0.8370 0.2790 1.6687e+01
0.8380 0.2793 1.6767e+01
0.8390 0.2797 1.6847e+01
0.8400 0.2800 1.6928e+01
0.8410 0.2803 1.7008e+01
0.8420 0.2807 1.7089e+01
0.8430 0.2810 1.7171e+01
0.8440 0.2813 1.7252e+01
0.8450 0.2817 1.7334e+01
0.8460 0.2820 1.7416e+01
0.8470 0.2823 1.7499e+01
0.8480 0.2827 1.7582e+01
0.8490 0.2830 1.7665e+01
0.8500 0.2833 1.7748e+01
0.8510 0.2837 1.7832e+01
0.8520 0.2840 1.7916e+01
0.8530 0.2843 1.8000e+01
0.8540 0.2847 1.8085e+01
0.8550 0.2850 1.8170e+01
0.8560 0.2853 1.8255e+01
0.8570 0.2857 1.8340e+01
0.8580 0.2860 1.8426e+01
0.8590 0.2863 1.8512e+01
0.8600 0.2867 1.8598e+01
0.8610 0.2870 1.8685e+01
0.8620 0.2873 1.8772e+01
0.8630 0.2877 1.8859e+01
0.8640 0.2880 1.8947e+01
0.8650 0.2883 1.9035e+01
0.8660 0.2887 1.9123e+01
0.8670 0.2890 1.9211e+01
0.8680 0.2893 1.9300e+01
0.8690 0.2897 1.9389e+01
0.8700 0.2900 1.9479e+01
0.8710 0.2903 1.9568e+01
0.8720 0.2907 1.9658e+01
0.8730 0.2910 1.9749e+01
0.8740 0.2913 1.9839e+01
0.8750 0.2917 1.9930e+01
0.8760 0.2920 2.0021e+01
0.8770 0.2923 2.0113e+01
0.8780 0.2927 2.0205e+01
0.8790 0.2930 2.0297e+01
0.8800 0.2933 2.0390e+01
0.8810 0.2937 2.0482e+01
0.8820 0.2940 2.0576e+01
0.8830 0.2943 2.0669e+01
0.8840 0.2947 2.0763e+01
0.8850 0.2950 2.0857e+01
0.8860 0.2953 2.0951e+01
0.8870 0.2957 2.1046e+01
0.8880 0.2960 2.1141e+01
0.8890 0.2963 2.1237e+01
0.8900 0.2967 2.1332e+01
0.8910 0.2970 2.1428e+01
0.8920 0.2973 2.1525e+01
0.8930 0.2977 2.1621e+01
0.8940 0.2980 2.1718e+01
0.8950 0.2983 2.1816e+01
0.8960 0.2987 2.1913e+01
0.8970 0.2990 2.2011e+01
0.8980 0.2993 2.2110e+01
0.8990 0.2997 2.2208e+01
0.9000 0.3000 2.2307e+01
0.9010 0.3003 2.2407e+01
0.9020 0.3007 2.2506e+01
0.9030 0.3010 2.2606e+01
0.9040 0.3013 2.2707e+01
0.9050 0.3017 2.2807e+01
0.9060 0.3020 2.2908e+01
0.9070 0.3023 2.3010e+01
0.9080 0.3027 2.3111e+01
0.9090 0.3030 2.3213e+01
0.9100 0.3033 2.3315e+01
0.9110 0.3037 2.3418e+01
0.9120 0.3040 2.3521e+01
0.9130 0.3043 2.3624e+01
0.9140 0.3047 2.3728e+01
0.9150 0.3050 2.3832e+01
0.9160 0.3053 2.3937e+01
0.9170 0.3057 2.4041e+01
0.9180 0.3060 2.4146e+01
0.9190 0.3063 2.4252e+01
0.9200 0.3067 2.4357e+01
0.9210 0.3070 2.4463e+01
0.9220 0.3073 2.4570e+01
0.9230 0.3077 2.4677e+01
0.9240 0.3080 2.4784e+01
0.9250 0.3083 2.4891e+01
0.9260 0.3087 2.4999e+01
0.9270 0.3090 2.5107e+01
0.9280 0.3093 2.5216e+01
0.9290 0.3097 2.5325e+01
0.9300 0.3100 2.5434e+01
0.9310 0.3103 2.5543e+01
0.9320 0.3107 2.5653e+01
0.9330 0.3110 2.5764e+01
0.9340 0.3113 2.5874e+01
0.9350 0.3117 2.5985e+01
0.9360 0.3120 2.6097e+01
0.9370 0.3123 2.6208e+01
0.9380 0.3127 2.6320e+01
0.9390 0.3130 2.6433e+01
0.9400 0.3133 2.6545e+01
0.9410 0.3137 2.6659e+01
0.9420 0.3140 2.6772e+01
0.9430 0.3143 2.6886e+01
0.9440 0.3147 2.7000e+01
0.9450 0.3150 2.7115e+01
0.9460 0.3153 2.7230e+01
0.9470 0.3157 2.7345e+01
0.9480 0.3160 2.7461e+01
0.9490 0.3163 2.7577e+01
0.9500 0.3167 2.7693e+01
0.9510 0.3170 2.7810e+01
0.9520 0.3173 2.7927e+01
0.9530 0.3177 2.8045e+01
0.9540 0.3180 2.8163e+01
0.9550 0.3183 2.8281e+01
0.9560 0.3187 2.8399e+01
0.9570 0.3190 2.8518e+01
0.9580 0.3193 2.8638e+01
0.9590 0.3197 2.8758e+01
0.9600 0.3200 2.8878e+01
0.9610 0.3203 2.8998e+01
0.9620 0.3207 2.9119e+01
0.9630 0.3210 2.9240e+01
0.9640 0.3213 2.9362e+01
0.9650 0.3217 2.9484e+01
0.9660 0.3220 2.9607e+01
0.9670 0.3223 2.9729e+01
0.9680 0.3227 2.9852e+01
0.9690 0.3230 2.9976e+01
0.9700 0.3233 3.0100e+01
0.9710 0.3237 3.0224e+01
0.9720 0.3240 3.0349e+01
0.9730 0.3243 3.0474e+01
0.9740 0.3247 3.0600e+01
0.9750 0.3250 3.0725e+01
0.9760 0.3253 3.0852e+01
0.9770 0.3257 3.0978e+01
0.9780 0.3260 3.1105e+01
0.9790 0.3263 3.1233e+01
0.9800 0.3267 3.1361e+01
0.9810 0.3270 3.1489e+01
0.9820 0.3273 3.1617e+01
0.9830 0.3277 3.1746e+01
0.9840 0.3280 3.1876e+01
0.9850 0.3283 3.2005e+01
0.9860 0.3287 3.2136e+01
0.9870 0.3290 3.2266e+01
0.9880 0.3293 3.2397e+01
0.9890 0.3297 3.2529e+01
0.9900 0.3300 3.2660e+01
0.9910 0.3303 3.2792e+01
0.9920 0.3307 3.2925e+01
0.9930 0.3310 3.3058e+01
0.9940 0.3313 3.3191e+01
0.9950 0.3317 3.3325e+01
0.9960 0.3320 3.3459e+01
0.9970 0.3323 3.3594e+01
0.9980 0.3327 3.3729e+01
0.9990 0.3330 3.3864e+01
1.0000 0.3333 3.4000e+01
1.0100 0.3367 3.5381e+01
1.0200 0.3400 3.6803e+01
1.0300 0.3433 3.8267e+01
1.0400 0.3467 3.9775e+01
1.0500 0.3500 4.1327e+01
1.0600 0.3533 4.2924e+01
1.0700 0.3567 4.4567e+01
1.0800 0.3600 4.6257e+01
1.0900 0.3633 4.7994e+01
1.1000 0.3667 4.9779e+01
1.1100 0.3700 5.1614e+01
1.1200 0.3733 5.3500e+01
1.1300 0.3767 5.5436e+01
1.1400 0.3800 5.7425e+01
1.1500 0.3833 5.9466e+01
1.1600 0.3867 6.1562e+01
1.1700 0.3900 6.3712e+01
1.1800 0.3933 6.5918e+01
1.1900 0.3967 6.8182e+01
1.2000 0.4000 7.0502e+01
1.2100 0.4033 7.2882e+01
1.2200 0.4067 7.5321e+01
1.2300 0.4100 7.7821e+01
1.2400 0.4133 8.0383e+01
1.2500 0.4167 8.3008e+01
1.2600 0.4200 8.5696e+01
1.2700 0.4233 8.8449e+01
1.2800 0.4267 9.1268e+01
1.2900 0.4300 9.4154e+01
1.3000 0.4333 9.7107e+01
1.3100 0.4367 1.0013e+02
1.3200 0.4400 1.0322e+02
1.3300 0.4433 1.0639e+02
1.3400 0.4467 1.0962e+02
1.3500 0.4500 1.1293e+02
1.3600 0.4533 1.1631e+02
1.3700 0.4567 1.1977e+02
1.3800 0.4600 1.2331e+02
1.3900 0.4633 1.2692e+02
1.4000 0.4667 1.3061e+02
1.4100 0.4700 1.3439e+02
1.4200 0.4733 1.3824e+02
1.4300 0.4767 1.4217e+02
1.4400 0.4800 1.4619e+02
1.4500 0.4833 1.5030e+02
1.4600 0.4867 1.5449e+02
1.4700 0.4900 1.5876e+02
1.4800 0.4933 1.6313e+02
1.4900 0.4967 1.6758e+02
1.5000 0.5000 1.7212e+02
1.5100 0.5033 1.7676e+02
1.5200 0.5067 1.8149e+02
1.5300 0.5100 1.8631e+02
1.5400 0.5133 1.9123e+02
1.5500 0.5167 1.9625e+02
1.5600 0.5200 2.0136e+02
1.5700 0.5233 2.0657e+02
1.5800 0.5267 2.1189e+02
1.5900 0.5300 2.1730e+02
1.6000 0.5333 2.2282e+02
1.6100 0.5367 2.2845e+02
1.6200 0.5400 2.3417e+02
1.6300 0.5433 2.4001e+02
1.6400 0.5467 2.4595e+02
1.6500 0.5500 2.5201e+02
1.6600 0.5533 2.5817e+02
1.6700 0.5567 2.6445e+02
1.6800 0.5600 2.7084e+02
1.6900 0.5633 2.7735e+02
1.7000 0.5667 2.8397e+02
1.7100 0.5700 2.9071e+02
1.7200 0.5733 2.9757e+02
1.7300 0.5767 3.0455e+02
1.7400 0.5800 3.1166e+02
1.7500 0.5833 3.1888e+02
1.7600 0.5867 3.2623e+02
1.7700 0.5900 3.3371e+02
1.7800 0.5933 3.4132e+02
1.7900 0.5967 3.4905e+02
1.8000 0.6000 3.5692e+02
1.8100 0.6033 3.6492e+02
1.8200 0.6067 3.7305e+02
1.8300 0.6100 3.8131e+02
1.8400 0.6133 3.8972e+02
1.8500 0.6167 3.9826e+02
1.8600 0.6200 4.0694e+02
1.8700 0.6233 4.1576e+02
1.8800 0.6267 4.2473e+02
1.8900 0.6300 4.3384e+02
1.9000 0.6333 4.4309e+02
1.9100 0.6367 4.5249e+02
1.9200 0.6400 4.6204e+02
1.9300 0.6433 4.7175e+02
1.9400 0.6467 4.8160e+02
1.9500 0.6500 4.9161e+02
1.9600 0.6533 5.0177e+02
1.9700 0.6567 5.1209e+02
1.9800 0.6600 5.2256e+02
1.9900 0.6633 5.3320e+02
2.0000 0.6667 5.4400e+02
2.0100 0.6700 5.5496e+02
2.0200 0.6733 5.6609e+02
2.0300 0.6767 5.7738e+02
2.0400 0.6800 5.8884e+02
2.0500 0.6833 6.0047e+02
2.0600 0.6867 6.1228e+02
2.0700 0.6900 6.2425e+02
2.0800 0.6933 6.3640e+02
2.0900 0.6967 6.4873e+02
2.1000 0.7000 6.6124e+02
2.1100 0.7033 6.7392e+02
2.1200 0.7067 6.8679e+02
2.1300 0.7100 6.9984e+02
2.1400 0.7133 7.1307e+02
2.1500 0.7167 7.2650e+02
2.1600 0.7200 7.4011e+02
2.1700 0.7233 7.5391e+02
2.1800 0.7267 7.6790e+02
2.1900 0.7300 7.8209e+02
2.2000 0.7333 7.9647e+02
2.2100 0.7367 8.1105e+02
2.2200 0.7400 8.2583e+02
2.2300 0.7433 8.4081e+02
2.2400 0.7467 8.5599e+02
2.2500 0.7500 8.7138e+02
2.2600 0.7533 8.8698e+02
2.2700 0.7567 9.0278e+02
2.2800 0.7600 9.1879e+02
2.2900 0.7633 9.3502e+02
2.3000 0.7667 9.5146e+02
2.3100 0.7700 9.6811e+02
2.3200 0.7733 9.8499e+02
2.3300 0.7767 1.0021e+03
2.3400 0.7800 1.0194e+03
2.3500 0.7833 1.0369e+03
2.3600 0.7867 1.0547e+03
2.3700 0.7900 1.0727e+03
2.3800 0.7933 1.0909e+03
2.3900 0.7967 1.1094e+03
2.4000 0.8000 1.1280e+03
2.4100 0.8033 1.1470e+03
2.4200 0.8067 1.1661e+03
2.4300 0.8100 1.1855e+03
2.4400 0.8133 1.2051e+03
2.4500 0.8167 1.2250e+03
2.4600 0.8200 1.2451e+03
2.4700 0.8233 1.2655e+03
2.4800 0.8267 1.2861e+03
2.4900 0.8300 1.3070e+03
2.5000 0.8333 1.3281e+03
2.5100 0.8367 1.3495e+03
2.5200 0.8400 1.3711e+03
2.5300 0.8433 1.3930e+03
2.5400 0.8467 1.4152e+03
2.5500 0.8500 1.4376e+03
2.5600 0.8533 1.4603e+03
2.5700 0.8567 1.4832e+03
2.5800 0.8600 1.5065e+03
2.5900 0.8633 1.5300e+03
2.6000 0.8667 1.5537e+03
2.6100 0.8700 1.5778e+03
2.6200 0.8733 1.6021e+03
2.6300 0.8767 1.6267e+03
2.6400 0.8800 1.6516e+03
2.6500 0.8833 1.6767e+03
2.6600 0.8867 1.7022e+03
2.6700 0.8900 1.7279e+03
2.6800 0.8933 1.7540e+03
2.6900 0.8967 1.7803e+03
2.7000 0.9000 1.8069e+03
2.7100 0.9033 1.8338e+03
2.7200 0.9067 1.8610e+03
2.7300 0.9100 1.8886e+03
2.7400 0.9133 1.9164e+03
2.7500 0.9167 1.9445e+03
2.7600 0.9200 1.9729e+03
2.7700 0.9233 2.0017e+03
2.7800 0.9267 2.0308e+03
2.7900 0.9300 2.0601e+03
2.8000 0.9333 2.0898e+03
2.8100 0.9367 2.1198e+03
2.8200 0.9400 2.1502e+03
2.8300 0.9433 2.1808e+03
2.8400 0.9467 2.2118e+03
2.8500 0.9500 2.2432e+03
2.8600 0.9533 2.2748e+03
2.8700 0.9567 2.3068e+03
2.8800 0.9600 2.3391e+03
2.8900 0.9633 2.3718e+03
2.9000 0.9667 2.4048e+03
2.9100 0.9700 2.4381e+03
2.9200 0.9733 2.4718e+03
2.9300 0.9767 2.5058e+03
2.9400 0.9800 2.5402e+03
2.9500 0.9833 2.5749e+03
2.9600 0.9867 2.6100e+03
2.9700 0.9900 2.6455e+03
2.9800 0.9933 2.6813e+03
2.9900 0.9967 2.7175e+03
3.0000 1.0000 2.7540e+03
3.0100 1.0033 2.7909e+03
3.0200 1.0067 2.8282e+03
3.0300 1.0100 2.8658e+03
3.0400 1.0133 2.9038e+03
3.0500 1.0167 2.9422e+03
3.0600 1.0200 2.9810e+03
3.0700 1.0233 3.0202e+03
3.0800 1.0267 3.0597e+03
3.0900 1.0300 3.0997e+03
3.1000 1.0333 3.1400e+03
3.1100 1.0367 3.1807e+03
3.1200 1.0400 3.2218e+03
3.1300 1.0433 3.2633e+03
3.1400 1.0467 3.3052e+03
3.1500 1.0500 3.3475e+03
3.1600 1.0533 3.3902e+03
3.1700 1.0567 3.4333e+03
3.1800 1.0600 3.4769e+03
3.1900 1.0633 3.5208e+03
3.2000 1.0667 3.5652e+03
3.2100 1.0700 3.6099e+03
3.2200 1.0733 3.6551e+03
3.2300 1.0767 3.7007e+03
3.2400 1.0800 3.7468e+03
3.2500 1.0833 3.7933e+03
3.2600 1.0867 3.8402e+03
3.2700 1.0900 3.8875e+03
3.2800 1.0933 3.9353e+03
3.2900 1.0967 3.9835e+03
3.3000 1.1000 4.0321e+03
3.3100 1.1033 4.0812e+03
3.3200 1.1067 4.1308e+03
3.3300 1.1100 4.1808e+03
3.3400 1.1133 4.2312e+03
3.3500 1.1167 4.2821e+03
3.3600 1.1200 4.3335e+03
3.3700 1.1233 4.3853e+03
3.3800 1.1267 4.4376e+03
3.3900 1.1300 4.4903e+03
3.4000 1.1333 4.5435e+03
3.4100 1.1367 4.5972e+03
3.4200 1.1400 4.6514e+03
3.4300 1.1433 4.7060e+03
3.4400 1.1467 4.7612e+03
3.4500 1.1500 4.8168e+03
3.4600 1.1533 4.8729e+03
3.4700 1.1567 4.9294e+03
3.4800 1.1600 4.9865e+03
3.4900 1.1633 5.0441e+03
3.5000 1.1667 5.1021e+03
3.5100 1.1700 5.1607e+03
3.5200 1.1733 5.2197e+03
3.5300 1.1767 5.2793e+03
3.5400 1.1800 5.3394e+03
3.5500 1.1833 5.4000e+03
3.5600 1.1867 5.4611e+03
3.5700 1.1900 5.5227e+03
3.5800 1.1933 5.5848e+03
3.5900 1.1967 5.6475e+03
3.6000 1.2000 5.7107e+03
3.6100 1.2033 5.7744e+03
3.6200 1.2067 5.8387e+03
3.6300 1.2100 5.9034e+03
3.6400 1.2133 5.9688e+03
3.6500 1.2167 6.0346e+03
3.6600 1.2200 6.1010e+03
3.6700 1.2233 6.1680e+03
3.6800 1.2267 6.2355e+03
3.6900 1.2300 6.3035e+03
3.7000 1.2333 6.3721e+03
3.7100 1.2367 6.4413e+03
3.7200 1.2400 6.5110e+03
3.7300 1.2433 6.5813e+03
3.7400 1.2467 6.6522e+03
3.7500 1.2500 6.7236e+03
3.7600 1.2533 6.7956e+03
3.7700 1.2567 6.8682e+03
3.7800 1.2600 6.9414e+03
3.7900 1.2633 7.0151e+03
3.8000 1.2667 7.0895e+03
3.8100 1.2700 7.1644e+03
3.8200 1.2733 7.2399e+03
3.8300 1.2767 7.3160e+03
3.8400 1.2800 7.3927e+03
3.8500 1.2833 7.4700e+03
3.8600 1.2867 7.5479e+03
3.8700 1.2900 7.6265e+03
3.8800 1.2933 7.7056e+03
3.8900 1.2967 7.7853e+03
3.9000 1.3000 7.8657e+03
3.9100 1.3033 7.9467e+03
3.9200 1.3067 8.0283e+03
3.9300 1.3100 8.1105e+03
3.9400 1.3133 8.1934e+03
3.9500 1.3167 8.2769e+03
3.9600 1.3200 8.3610e+03
3.9700 1.3233 8.4458e+03
3.9800 1.3267 8.5312e+03
3.9900 1.3300 8.6173e+03
