0.0010 0.0003 1.1176e-12
0.0020 0.0007 4.4767e-12
0.0030 0.0010 1.0040e-11
0.0040 0.0013 1.7917e-11
0.0050 0.0017 2.8133e-11
0.0060 0.0020 4.0341e-11
0.0070 0.0023 5.4816e-11
0.0080 0.0027 7.1839e-11
0.0090 0.0030 9.0257e-11
0.0100 0.0033 1.1172e-10
0.0110 0.0037 1.3516e-10
0.0120 0.0040 1.6092e-10
0.0130 0.0043 1.8861e-10
0.0140 0.0047 2.1928e-10
0.0150 0.0050 2.5098e-10
0.0160 0.0053 2.8513e-10
0.0170 0.0057 3.2281e-10
0.0180 0.0060 3.6180e-10
0.0190 0.0063 4.0347e-10
0.0200 0.0067 4.4682e-10
0.0210 0.0070 4.9301e-10
0.0220 0.0073 5.4108e-10
0.0230 0.0077 5.9187e-10
0.0240 0.0080 6.4277e-10
0.0250 0.0083 6.9826e-10
0.0260 0.0087 7.5723e-10
0.0270 0.0090 8.1619e-10
0.0280 0.0093 8.7516e-10
0.0290 0.0097 9.4143e-10
0.0300 0.0100 1.0056e-09
0.0310 0.0103 1.0738e-09
0.0320 0.0107 1.1436e-09
0.0330 0.0110 1.2133e-09
0.0340 0.0113 1.2907e-09
0.0350 0.0117 1.3688e-09
0.0360 0.0120 1.4468e-09
0.0370 0.0123 1.5249e-09
0.0380 0.0127 1.6118e-09
0.0390 0.0130 1.6993e-09
0.0400 0.0133 1.7868e-09
0.0410 0.0137 1.8743e-09
0.0420 0.0140 1.9645e-09
0.0430 0.0143 2.0638e-09
0.0440 0.0147 2.1631e-09
0.0450 0.0150 2.2625e-09
0.0460 0.0153 2.3619e-09
0.0470 0.0157 2.4641e-09
0.0480 0.0160 2.5686e-09
0.0490 0.0163 2.6741e-09
0.0500 0.0167 2.7920e-09
0.0510 0.0170 2.9099e-09
0.0520 0.0173 3.0279e-09
0.0530 0.0177 3.1458e-09
0.0540 0.0180 3.2638e-09
0.0550 0.0183 3.3817e-09
0.0560 0.0187 3.4997e-09
0.0570 0.0190 3.6201e-09
0.0580 0.0193 3.7497e-09
0.0590 0.0197 3.8793e-09
0.0600 0.0200 4.0093e-09
0.0610 0.0203 4.1468e-09
0.0620 0.0207 4.2843e-09
0.0630 0.0210 4.4218e-09
0.0640 0.0213 4.5702e-09
0.0650 0.0217 4.7170e-09
0.0660 0.0220 4.8627e-09
0.0670 0.0223 5.0085e-09
0.0680 0.0227 5.1593e-09
0.0690 0.0230 5.3152e-09
0.0700 0.0233 5.4711e-09
0.0710 0.0237 5.6275e-09
0.0720 0.0240 5.7840e-09
0.0730 0.0243 5.9405e-09
0.0740 0.0247 6.1020e-09
0.0750 0.0250 6.2764e-09
0.0760 0.0253 6.4509e-09
0.0770 0.0257 6.6282e-09
0.0780 0.0260 6.8056e-09
0.0790 0.0263 6.9830e-09
0.0800 0.0267 7.1603e-09
0.0810 0.0270 7.3377e-09
0.0820 0.0273 7.5151e-09
0.0830 0.0277 7.6924e-09
0.0840 0.0280 7.8698e-09
0.0850 0.0283 8.0532e-09
0.0860 0.0287 8.2415e-09
0.0870 0.0290 8.4350e-09
0.0880 0.0293 8.6350e-09
0.0890 0.0297 8.8351e-09
0.0900 0.0300 9.0352e-09
0.0910 0.0303 9.2353e-09
0.0920 0.0307 9.4354e-09
0.0930 0.0310 9.6354e-09
0.0940 0.0313 9.8371e-09
0.0950 0.0317 1.0075e-08
0.0960 0.0320 1.0314e-08
0.0970 0.0323 1.0543e-08
0.0980 0.0327 1.0767e-08
0.0990 0.0330 1.0990e-08
0.1000 0.0333 1.1214e-08
0.1010 0.0337 1.1438e-08
0.1020 0.0340 1.1662e-08
0.1030 0.0343 1.1886e-08
0.1040 0.0347 1.2110e-08
0.1050 0.0350 1.2334e-08
0.1060 0.0353 1.2558e-08
0.1070 0.0357 1.2783e-08
0.1080 0.0360 1.3021e-08
0.1090 0.0363 1.3258e-08
0.1100 0.0367 1.3496e-08
0.1110 0.0370 1.3735e-08
0.1120 0.0373 1.3993e-08
0.1130 0.0377 1.4252e-08
0.1140 0.0380 1.4510e-08
0.1150 0.0383 1.4768e-08
0.1160 0.0387 1.5027e-08
0.1170 0.0390 1.5285e-08
0.1180 0.0393 1.5543e-08
0.1190 0.0397 1.5802e-08
0.1200 0.0400 1.6060e-08
0.1210 0.0403 1.6318e-08
0.1220 0.0407 1.6577e-08
0.1230 0.0410 1.6852e-08
0.1240 0.0413 1.7137e-08
0.1250 0.0417 1.7422e-08
0.1260 0.0420 1.7707e-08
0.1270 0.0423 1.7992e-08
0.1280 0.0427 1.8277e-08
0.1290 0.0430 1.8562e-08
0.1300 0.0433 1.8847e-08
0.1310 0.0437 1.9132e-08
0.1320 0.0440 1.9417e-08
0.1330 0.0443 1.9726e-08
0.1340 0.0447 2.0035e-08
0.1350 0.0450 2.0344e-08
0.1360 0.0453 2.0652e-08
0.1370 0.0457 2.0961e-08
0.1380 0.0460 2.1270e-08
0.1390 0.0463 2.1579e-08
0.1400 0.0467 2.1887e-08
0.1410 0.0470 2.2196e-08
0.1420 0.0473 2.2505e-08
0.1430 0.0477 2.2814e-08
0.1440 0.0480 2.3123e-08
0.1450 0.0483 2.3431e-08
0.1460 0.0487 2.3747e-08
0.1470 0.0490 2.4080e-08
0.1480 0.0493 2.4414e-08
0.1490 0.0497 2.4748e-08
0.1500 0.0500 2.5082e-08
0.1510 0.0503 2.5415e-08
0.1520 0.0507 2.5749e-08
0.1530 0.0510 2.6083e-08
0.1540 0.0513 2.6417e-08
0.1550 0.0517 2.6750e-08
0.1560 0.0520 2.7109e-08
0.1570 0.0523 2.7474e-08
0.1580 0.0527 2.7839e-08
0.1590 0.0530 2.8205e-08
0.1600 0.0533 2.8570e-08
0.1610 0.0537 2.8935e-08
0.1620 0.0540 2.9301e-08
0.1630 0.0543 2.9667e-08
0.1640 0.0547 3.0058e-08
0.1650 0.0550 3.0449e-08
0.1660 0.0553 3.0840e-08
0.1670 0.0557 3.1231e-08
0.1680 0.0560 3.1621e-08
0.1690 0.0563 3.2012e-08
0.1700 0.0567 3.2403e-08
0.1710 0.0570 3.2794e-08
0.1720 0.0573 3.3185e-08
0.1730 0.0577 3.3576e-08
0.1740 0.0580 3.3967e-08
0.1750 0.0583 3.4358e-08
0.1760 0.0587 3.4748e-08
0.1770 0.0590 3.5139e-08
0.1780 0.0593 3.5530e-08
0.1790 0.0597 3.5921e-08
0.1800 0.0600 3.6312e-08
0.1810 0.0603 3.6703e-08
0.1820 0.0607 3.7094e-08
0.1830 0.0610 3.7485e-08
0.1840 0.0613 3.7876e-08
0.1850 0.0617 3.8266e-08
0.1860 0.0620 3.8657e-08
0.1870 0.0623 3.9048e-08
0.1880 0.0627 3.9439e-08
0.1890 0.0630 3.9830e-08
0.1900 0.0633 4.0221e-08
0.1910 0.0637 4.0612e-08
0.1920 0.0640 4.1036e-08
0.1930 0.0643 4.1495e-08
0.1940 0.0647 4.1955e-08
0.1950 0.0650 4.2414e-08
0.1960 0.0653 4.2874e-08
0.1970 0.0657 4.3338e-08
0.1980 0.0660 4.3820e-08
0.1990 0.0663 4.4303e-08
0.2000 0.0667 4.4785e-08
0.2010 0.0670 4.5267e-08
0.2020 0.0673 4.5749e-08
0.2030 0.0677 4.6231e-08
0.2040 0.0680 4.6714e-08
0.2050 0.0683 4.7196e-08
0.2060 0.0687 4.7678e-08
0.2070 0.0690 4.8160e-08
0.2080 0.0693 4.8642e-08
0.2090 0.0697 4.9125e-08
0.2100 0.0700 4.9607e-08
0.2110 0.0703 5.0089e-08
0.2120 0.0707 5.0571e-08
0.2130 0.0710 5.1053e-08
0.2140 0.0713 5.1536e-08
0.2150 0.0717 5.2018e-08
0.2160 0.0720 5.2500e-08
0.2170 0.0723 5.2982e-08
0.2180 0.0727 5.3464e-08
0.2190 0.0730 5.3947e-08
0.2200 0.0733 5.4429e-08
0.2210 0.0737 5.4911e-08
0.2220 0.0740 5.5393e-08
0.2230 0.0743 5.5875e-08
0.2240 0.0747 5.6357e-08
0.2250 0.0750 5.6840e-08
0.2260 0.0753 5.7322e-08
0.2270 0.0757 5.7804e-08
0.2280 0.0760 5.8286e-08
0.2290 0.0763 5.8768e-08
0.2300 0.0767 5.9251e-08
0.2310 0.0770 5.9733e-08
0.2320 0.0773 6.0215e-08
0.2330 0.0777 6.0697e-08
0.2340 0.0780 6.1179e-08
0.2350 0.0783 6.1662e-08
0.2360 0.0787 6.2144e-08
0.2370 0.0790 6.2626e-08
0.2380 0.0793 6.3108e-08
0.2390 0.0797 6.3637e-08
0.2400 0.0800 6.4196e-08
0.2410 0.0803 6.4756e-08
0.2420 0.0807 6.5316e-08
0.2430 0.0810 6.5875e-08
0.2440 0.0813 6.6435e-08
0.2450 0.0817 6.6994e-08
0.2460 0.0820 6.7554e-08
0.2470 0.0823 6.8113e-08
0.2480 0.0827 6.8673e-08
0.2490 0.0830 6.9191e-08
0.2500 0.0833 6.9696e-08
0.2510 0.0837 7.0234e-08
0.2520 0.0840 7.0830e-08
0.2530 0.0843 7.1451e-08
0.2540 0.0847 7.2073e-08
0.2550 0.0850 7.2694e-08
0.2560 0.0853 7.3316e-08
0.2570 0.0857 7.3937e-08
0.2580 0.0860 7.4559e-08
0.2590 0.0863 7.5181e-08
0.2600 0.0867 7.5802e-08
0.2610 0.0870 7.6424e-08
0.2620 0.0873 7.7045e-08
0.2630 0.0877 7.7667e-08
0.2640 0.0880 7.8288e-08
0.2650 0.0883 7.8910e-08
0.2660 0.0887 7.9531e-08
0.2670 0.0890 8.0153e-08
0.2680 0.0893 8.0774e-08
0.2690 0.0897 8.1396e-08
0.2700 0.0900 8.2017e-08
0.2710 0.0903 8.2639e-08
0.2720 0.0907 8.3260e-08
0.2730 0.0910 8.3882e-08
0.2740 0.0913 8.4503e-08
0.2750 0.0917 8.5125e-08
0.2760 0.0920 8.5747e-08
0.2770 0.0923 8.6368e-08
0.2780 0.0927 8.6990e-08
0.2790 0.0930 8.7611e-08
0.2800 0.0933 8.8233e-08
0.2810 0.0937 8.8854e-08
0.2820 0.0940 8.9476e-08
0.2830 0.0943 9.0097e-08
0.2840 0.0947 9.0719e-08
0.2850 0.0950 9.1340e-08
0.2860 0.0953 9.1962e-08
0.2870 0.0957 9.2583e-08
0.2880 0.0960 9.3205e-08
0.2890 0.0963 9.3826e-08
0.2900 0.0967 9.4448e-08
0.2910 0.0970 9.5069e-08
0.2920 0.0973 9.5691e-08
0.2930 0.0977 9.6313e-08
0.2940 0.0980 9.6934e-08
0.2950 0.0983 9.7556e-08
0.2960 0.0987 9.8177e-08
0.2970 0.0990 9.8799e-08
0.2980 0.0993 9.9420e-08
0.2990 0.0997 1.0004e-07
0.3000 0.1000 1.0066e-07
0.3010 0.1003 1.0128e-07
0.3020 0.1007 1.0191e-07
0.3030 0.1010 1.0253e-07
0.3040 0.1013 1.0315e-07
0.3050 0.1017 1.0377e-07
0.3060 0.1020 1.0439e-07
0.3070 0.1023 1.0504e-07
0.3080 0.1027 1.0578e-07
0.3090 0.1030 1.0651e-07
0.3100 0.1033 1.0725e-07
0.3110 0.1037 1.0799e-07
0.3120 0.1040 1.0872e-07
0.3130 0.1043 1.0946e-07
0.3140 0.1047 1.1019e-07
0.3150 0.1050 1.1093e-07
0.3160 0.1053 1.1166e-07
0.3170 0.1057 1.1237e-07
0.3180 0.1060 1.1305e-07
0.3190 0.1063 1.1374e-07
0.3200 0.1067 1.1442e-07
0.3210 0.1070 1.1510e-07
0.3220 0.1073 1.1578e-07
0.3230 0.1077 1.1647e-07
0.3240 0.1080 1.1715e-07
0.3250 0.1083 1.1783e-07
0.3260 0.1087 1.1851e-07
0.3270 0.1090 1.1920e-07
0.3280 0.1093 1.1988e-07
0.3290 0.1097 1.2056e-07
0.3300 0.1100 1.2124e-07
0.3310 0.1103 1.2201e-07
0.3320 0.1107 1.2281e-07
0.3330 0.1110 1.2361e-07
0.3340 0.1113 1.2441e-07
0.3350 0.1117 1.2521e-07
0.3360 0.1120 1.2601e-07
0.3370 0.1123 1.2681e-07
0.3380 0.1127 1.2761e-07
0.3390 0.1130 1.2841e-07
0.3400 0.1133 1.2921e-07
0.3410 0.1137 1.3001e-07
0.3420 0.1140 1.3081e-07
0.3430 0.1143 1.3161e-07
0.3440 0.1147 1.3241e-07
0.3450 0.1150 1.3321e-07
0.3460 0.1153 1.3401e-07
0.3470 0.1157 1.3481e-07
0.3480 0.1160 1.3561e-07
0.3490 0.1163 1.3641e-07
0.3500 0.1167 1.3721e-07
0.3510 0.1170 1.3801e-07
0.3520 0.1173 1.3881e-07
0.3530 0.1177 1.3961e-07
0.3540 0.1180 1.4041e-07
0.3550 0.1183 1.4121e-07
0.3560 0.1187 1.4201e-07
0.3570 0.1190 1.4281e-07
0.3580 0.1193 1.4361e-07
0.3590 0.1197 1.4441e-07
0.3600 0.1200 1.4521e-07
0.3610 0.1203 1.4601e-07
0.3620 0.1207 1.4682e-07
0.3630 0.1210 1.4762e-07
0.3640 0.1213 1.4842e-07
0.3650 0.1217 1.4922e-07
0.3660 0.1220 1.5002e-07
0.3670 0.1223 1.5082e-07
0.3680 0.1227 1.5162e-07
0.3690 0.1230 1.5242e-07
0.3700 0.1233 1.5322e-07
0.3710 0.1237 1.5402e-07
0.3720 0.1240 1.5482e-07
0.3730 0.1243 1.5562e-07
0.3740 0.1247 1.5642e-07
0.3750 0.1250 1.5722e-07
0.3760 0.1253 1.5802e-07
0.3770 0.1257 1.5882e-07
0.3780 0.1260 1.5962e-07
0.3790 0.1263 1.6043e-07
0.3800 0.1267 1.6127e-07
0.3810 0.1270 1.6211e-07
0.3820 0.1273 1.6295e-07
0.3830 0.1277 1.6379e-07
0.3840 0.1280 1.6464e-07
0.3850 0.1283 1.6548e-07
0.3860 0.1287 1.6632e-07
0.3870 0.1290 1.6716e-07
0.3880 0.1293 1.6800e-07
0.3890 0.1297 1.6884e-07
0.3900 0.1300 1.6968e-07
0.3910 0.1303 1.7052e-07
0.3920 0.1307 1.7137e-07
0.3930 0.1310 1.7221e-07
0.3940 0.1313 1.7305e-07
0.3950 0.1317 1.7389e-07
0.3960 0.1320 1.7473e-07
0.3970 0.1323 1.7557e-07
0.3980 0.1327 1.7641e-07
0.3990 0.1330 1.7725e-07
0.4000 0.1333 1.7809e-07
0.4010 0.1337 1.7894e-07
0.4020 0.1340 1.7979e-07
0.4030 0.1343 1.8072e-07
0.4040 0.1347 1.8165e-07
0.4050 0.1350 1.8259e-07
0.4060 0.1353 1.8352e-07
0.4070 0.1357 1.8446e-07
0.4080 0.1360 1.8539e-07
0.4090 0.1363 1.8632e-07
0.4100 0.1367 1.8726e-07
0.4110 0.1370 1.8819e-07
0.4120 0.1373 1.8912e-07
0.4130 0.1377 1.9006e-07
0.4140 0.1380 1.9099e-07
0.4150 0.1383 1.9193e-07
0.4160 0.1387 1.9286e-07
0.4170 0.1390 1.9379e-07
0.4180 0.1393 1.9473e-07
0.4190 0.1397 1.9566e-07
0.4200 0.1400 1.9659e-07
0.4210 0.1403 1.9753e-07
0.4220 0.1407 1.9846e-07
0.4230 0.1410 1.9940e-07
0.4240 0.1413 2.0033e-07
0.4250 0.1417 2.0126e-07
0.4260 0.1420 2.0220e-07
0.4270 0.1423 2.0313e-07
0.4280 0.1427 2.0406e-07
0.4290 0.1430 2.0500e-07
0.4300 0.1433 2.0593e-07
0.4310 0.1437 2.0686e-07
0.4320 0.1440 2.0780e-07
0.4330 0.1443 2.0873e-07
0.4340 0.1447 2.0968e-07
0.4350 0.1450 2.1069e-07
0.4360 0.1453 2.1171e-07
0.4370 0.1457 2.1272e-07
0.4380 0.1460 2.1373e-07
0.4390 0.1463 2.1475e-07
0.4400 0.1467 2.1576e-07
0.4410 0.1470 2.1677e-07
0.4420 0.1473 2.1779e-07
0.4430 0.1477 2.1880e-07
0.4440 0.1480 2.1982e-07
0.4450 0.1483 2.2083e-07
0.4460 0.1487 2.2184e-07
0.4470 0.1490 2.2286e-07
0.4480 0.1493 2.2387e-07
0.4490 0.1497 2.2488e-07
0.4500 0.1500 2.2590e-07
0.4510 0.1503 2.2691e-07
0.4520 0.1507 2.2792e-07
0.4530 0.1510 2.2894e-07
0.4540 0.1513 2.2995e-07
0.4550 0.1517 2.3097e-07
0.4560 0.1520 2.3198e-07
0.4570 0.1523 2.3299e-07
0.4580 0.1527 2.3401e-07
0.4590 0.1530 2.3502e-07
0.4600 0.1533 2.3603e-07
0.4610 0.1537 2.3705e-07
0.4620 0.1540 2.3806e-07
0.4630 0.1543 2.3907e-07
0.4640 0.1547 2.4009e-07
0.4650 0.1550 2.4110e-07
0.4660 0.1553 2.4212e-07
0.4670 0.1557 2.4313e-07
0.4680 0.1560 2.4417e-07
0.4690 0.1563 2.4525e-07
0.4700 0.1567 2.4634e-07
0.4710 0.1570 2.4742e-07
0.4720 0.1573 2.4851e-07
0.4730 0.1577 2.4959e-07
0.4740 0.1580 2.5068e-07
0.4750 0.1583 2.5176e-07
0.4760 0.1587 2.5285e-07
0.4770 0.1590 2.5393e-07
0.4780 0.1593 2.5502e-07
0.4790 0.1597 2.5610e-07
0.4800 0.1600 2.5718e-07
0.4810 0.1603 2.5827e-07
0.4820 0.1607 2.5935e-07
0.4830 0.1610 2.6044e-07
0.4840 0.1613 2.6152e-07
0.4850 0.1617 2.6261e-07
0.4860 0.1620 2.6369e-07
0.4870 0.1623 2.6478e-07
0.4880 0.1627 2.6586e-07
0.4890 0.1630 2.6695e-07
0.4900 0.1633 2.6803e-07
0.4910 0.1637 2.6912e-07
0.4920 0.1640 2.7020e-07
0.4930 0.1643 2.7128e-07
0.4940 0.1647 2.7237e-07
0.4950 0.1650 2.7345e-07
0.4960 0.1653 2.7454e-07
0.4970 0.1657 2.7562e-07
0.4980 0.1660 2.7671e-07
0.4990 0.1663 2.7779e-07
0.5000 0.1667 2.7888e-07
0.5010 0.1670 2.7996e-07
0.5020 0.1673 2.8105e-07
0.5030 0.1677 2.8213e-07
0.5040 0.1680 2.8322e-07
0.5050 0.1683 2.8430e-07
0.5060 0.1687 2.8538e-07
0.5070 0.1690 2.8647e-07
0.5080 0.1693 2.8755e-07
0.5090 0.1697 2.8864e-07
0.5100 0.1700 2.8976e-07
0.5110 0.1703 2.9096e-07
0.5120 0.1707 2.9216e-07
0.5130 0.1710 2.9335e-07
0.5140 0.1713 2.9455e-07
0.5150 0.1717 2.9574e-07
0.5160 0.1720 2.9694e-07
0.5170 0.1723 2.9814e-07
0.5180 0.1727 2.9933e-07
0.5190 0.1730 3.0053e-07
0.5200 0.1733 3.0173e-07
0.5210 0.1737 3.0292e-07
0.5220 0.1740 3.0412e-07
0.5230 0.1743 3.0532e-07
0.5240 0.1747 3.0651e-07
0.5250 0.1750 3.0771e-07
0.5260 0.1753 3.0891e-07
0.5270 0.1757 3.1010e-07
0.5280 0.1760 3.1130e-07
0.5290 0.1763 3.1249e-07
0.5300 0.1767 3.1369e-07
0.5310 0.1770 3.1489e-07
0.5320 0.1773 3.1608e-07
0.5330 0.1777 3.1728e-07
0.5340 0.1780 3.1848e-07
0.5350 0.1783 3.1967e-07
0.5360 0.1787 3.2087e-07
0.5370 0.1790 3.2207e-07
0.5380 0.1793 3.2326e-07
0.5390 0.1797 3.2446e-07
0.5400 0.1800 3.2566e-07
0.5410 0.1803 3.2685e-07
0.5420 0.1807 3.2805e-07
0.5430 0.1810 3.2924e-07
0.5440 0.1813 3.3044e-07
0.5450 0.1817 3.3164e-07
0.5460 0.1820 3.3283e-07
0.5470 0.1823 3.3403e-07
0.5480 0.1827 3.3523e-07
0.5490 0.1830 3.3642e-07
0.5500 0.1833 3.3762e-07
0.5510 0.1837 3.3882e-07
0.5520 0.1840 3.4001e-07
0.5530 0.1843 3.4121e-07
0.5540 0.1847 3.4241e-07
0.5550 0.1850 3.4360e-07
0.5560 0.1853 3.4480e-07
0.5570 0.1857 3.4599e-07
0.5580 0.1860 3.4719e-07
0.5590 0.1863 3.4839e-07
0.5600 0.1867 3.4958e-07
0.5610 0.1870 3.5078e-07
0.5620 0.1873 3.5198e-07
0.5630 0.1877 3.5317e-07
0.5640 0.1880 3.5437e-07
0.5650 0.1883 3.5557e-07
0.5660 0.1887 3.5676e-07
0.5670 0.1890 3.5796e-07
0.5680 0.1893 3.5916e-07
0.5690 0.1897 3.6035e-07
0.5700 0.1900 3.6156e-07
0.5710 0.1903 3.6302e-07
0.5720 0.1907 3.6448e-07
0.5730 0.1910 3.6594e-07
0.5740 0.1913 3.6741e-07
0.5750 0.1917 3.6887e-07
0.5760 0.1920 3.7033e-07
0.5770 0.1923 3.7179e-07
0.5780 0.1927 3.7313e-07
0.5790 0.1930 3.7440e-07
0.5800 0.1933 3.7566e-07
0.5810 0.1937 3.7693e-07
0.5820 0.1940 3.7819e-07
0.5830 0.1943 3.7945e-07
0.5840 0.1947 3.8072e-07
0.5850 0.1950 3.8198e-07
0.5860 0.1953 3.8325e-07
0.5870 0.1957 3.8451e-07
0.5880 0.1960 3.8577e-07
0.5890 0.1963 3.8704e-07
0.5900 0.1967 3.8830e-07
0.5910 0.1970 3.8957e-07
0.5920 0.1973 3.9083e-07
0.5930 0.1977 3.9210e-07
0.5940 0.1980 3.9336e-07
0.5950 0.1983 3.9462e-07
0.5960 0.1987 3.9589e-07
0.5970 0.1990 3.9715e-07
0.5980 0.1993 3.9842e-07
0.5990 0.1997 3.9968e-07
0.6000 0.2000 4.0095e-07
0.6010 0.2003 4.0221e-07
0.6020 0.2007 4.0347e-07
0.6030 0.2010 4.0474e-07
0.6040 0.2013 4.0606e-07
0.6050 0.2017 4.0747e-07
0.6060 0.2020 4.0888e-07
0.6070 0.2023 4.1029e-07
0.6080 0.2027 4.1169e-07
0.6090 0.2030 4.1310e-07
0.6100 0.2033 4.1451e-07
0.6110 0.2037 4.1592e-07
0.6120 0.2040 4.1733e-07
0.6130 0.2043 4.1874e-07
0.6140 0.2047 4.2015e-07
0.6150 0.2050 4.2156e-07
0.6160 0.2053 4.2297e-07
0.6170 0.2057 4.2438e-07
0.6180 0.2060 4.2579e-07
0.6190 0.2063 4.2720e-07
0.6200 0.2067 4.2861e-07
0.6210 0.2070 4.3002e-07
0.6220 0.2073 4.3143e-07
0.6230 0.2077 4.3284e-07
0.6240 0.2080 4.3425e-07
0.6250 0.2083 4.3566e-07
0.6260 0.2087 4.3707e-07
0.6270 0.2090 4.3847e-07
0.6280 0.2093 4.3988e-07
0.6290 0.2097 4.4129e-07
0.6300 0.2100 4.4270e-07
0.6310 0.2103 4.4411e-07
0.6320 0.2107 4.4552e-07
0.6330 0.2110 4.4693e-07
0.6340 0.2113 4.4834e-07
0.6350 0.2117 4.4975e-07
0.6360 0.2120 4.5116e-07
0.6370 0.2123 4.5257e-07
0.6380 0.2127 4.5398e-07
0.6390 0.2130 4.5539e-07
0.6400 0.2133 4.5680e-07
0.6410 0.2137 4.5821e-07
0.6420 0.2140 4.5962e-07
0.6430 0.2143 4.6103e-07
0.6440 0.2147 4.6244e-07
0.6450 0.2150 4.6385e-07
0.6460 0.2153 4.6526e-07
0.6470 0.2157 4.6673e-07
0.6480 0.2160 4.6825e-07
0.6490 0.2163 4.6976e-07
0.6500 0.2167 4.7128e-07
0.6510 0.2170 4.7279e-07
0.6520 0.2173 4.7431e-07
0.6530 0.2177 4.7582e-07
0.6540 0.2180 4.7734e-07
0.6550 0.2183 4.7885e-07
0.6560 0.2187 4.8037e-07
0.6570 0.2190 4.8188e-07
0.6580 0.2193 4.8340e-07
0.6590 0.2197 4.8491e-07
0.6600 0.2200 4.8643e-07
0.6610 0.2203 4.8794e-07
0.6620 0.2207 4.8945e-07
0.6630 0.2210 4.9097e-07
0.6640 0.2213 4.9248e-07
0.6650 0.2217 4.9400e-07
0.6660 0.2220 4.9551e-07
0.6670 0.2223 4.9703e-07
0.6680 0.2227 4.9854e-07
0.6690 0.2230 5.0006e-07
0.6700 0.2233 5.0157e-07
0.6710 0.2237 5.0309e-07
0.6720 0.2240 5.0460e-07
0.6730 0.2243 5.0612e-07
0.6740 0.2247 5.0763e-07
0.6750 0.2250 5.0915e-07
0.6760 0.2253 5.1066e-07
0.6770 0.2257 5.1218e-07
0.6780 0.2260 5.1369e-07
0.6790 0.2263 5.1521e-07
0.6800 0.2267 5.1672e-07
0.6810 0.2270 5.1824e-07
0.6820 0.2273 5.1975e-07
0.6830 0.2277 5.2127e-07
0.6840 0.2280 5.2278e-07
0.6850 0.2283 5.2429e-07
0.6860 0.2287 5.2581e-07
0.6870 0.2290 5.2732e-07
0.6880 0.2293 5.2884e-07
0.6890 0.2297 5.3035e-07
0.6900 0.2300 5.3187e-07
0.6910 0.2303 5.3338e-07
0.6920 0.2307 5.3490e-07
0.6930 0.2310 5.3641e-07
0.6940 0.2313 5.3793e-07
0.6950 0.2317 5.3944e-07
0.6960 0.2320 5.4096e-07
0.6970 0.2323 5.4247e-07
0.6980 0.2327 5.4399e-07
0.6990 0.2330 5.4550e-07
0.7000 0.2333 5.4702e-07
0.7010 0.2337 5.4853e-07
0.7020 0.2340 5.5005e-07
0.7030 0.2343 5.5156e-07
0.7040 0.2347 5.5308e-07
0.7050 0.2350 5.5459e-07
0.7060 0.2353 5.5611e-07
0.7070 0.2357 5.5762e-07
0.7080 0.2360 5.5913e-07
0.7090 0.2363 5.6065e-07
0.7100 0.2367 5.6216e-07
0.7110 0.2370 5.6368e-07
0.7120 0.2373 5.6519e-07
0.7130 0.2377 5.6672e-07
0.7140 0.2380 5.6836e-07
0.7150 0.2383 5.6999e-07
0.7160 0.2387 5.7162e-07
0.7170 0.2390 5.7326e-07
0.7180 0.2393 5.7489e-07
0.7190 0.2397 5.7653e-07
0.7200 0.2400 5.7816e-07
0.7210 0.2403 5.7980e-07
0.7220 0.2407 5.8143e-07
0.7230 0.2410 5.8307e-07
0.7240 0.2413 5.8470e-07
0.7250 0.2417 5.8634e-07
0.7260 0.2420 5.8797e-07
0.7270 0.2423 5.8961e-07
0.7280 0.2427 5.9124e-07
0.7290 0.2430 5.9288e-07
0.7300 0.2433 5.9451e-07
0.7310 0.2437 5.9615e-07
0.7320 0.2440 5.9778e-07
0.7330 0.2443 5.9942e-07
0.7340 0.2447 6.0105e-07
0.7350 0.2450 6.0269e-07
0.7360 0.2453 6.0432e-07
0.7370 0.2457 6.0596e-07
0.7380 0.2460 6.0759e-07
0.7390 0.2463 6.0923e-07
0.7400 0.2467 6.1086e-07
0.7410 0.2470 6.1250e-07
0.7420 0.2473 6.1413e-07
0.7430 0.2477 6.1577e-07
0.7440 0.2480 6.1740e-07
0.7450 0.2483 6.1904e-07
0.7460 0.2487 6.2067e-07
0.7470 0.2490 6.2231e-07
0.7480 0.2493 6.2396e-07
0.7490 0.2497 6.2570e-07
0.7500 0.2500 6.2743e-07
0.7510 0.2503 6.2917e-07
0.7520 0.2507 6.3090e-07
0.7530 0.2510 6.3263e-07
0.7540 0.2513 6.3437e-07
0.7550 0.2517 6.3610e-07
0.7560 0.2520 6.3784e-07
0.7570 0.2523 6.3957e-07
0.7580 0.2527 6.4130e-07
0.7590 0.2530 6.4304e-07
0.7600 0.2533 6.4477e-07
0.7610 0.2537 6.4651e-07
0.7620 0.2540 6.4824e-07
0.7630 0.2543 6.4997e-07
0.7640 0.2547 6.5171e-07
0.7650 0.2550 6.5344e-07
0.7660 0.2553 6.5518e-07
0.7670 0.2557 6.5691e-07
0.7680 0.2560 6.5864e-07
0.7690 0.2563 6.6038e-07
0.7700 0.2567 6.6211e-07
0.7710 0.2570 6.6385e-07
0.7720 0.2573 6.6558e-07
0.7730 0.2577 6.6731e-07
0.7740 0.2580 6.6905e-07
0.7750 0.2583 6.7078e-07
0.7760 0.2587 6.7252e-07
0.7770 0.2590 6.7425e-07
0.7780 0.2593 6.7598e-07
0.7790 0.2597 6.7772e-07
0.7800 0.2600 6.7945e-07
0.7810 0.2603 6.8119e-07
0.7820 0.2607 6.8292e-07
0.7830 0.2610 6.8465e-07
0.7840 0.2613 6.8639e-07
0.7850 0.2617 6.8812e-07
0.7860 0.2620 6.8986e-07
0.7870 0.2623 6.9159e-07
0.7880 0.2627 6.9332e-07
0.7890 0.2630 6.9506e-07
0.7900 0.2633 6.9679e-07
0.7910 0.2637 6.9853e-07
0.7920 0.2640 7.0026e-07
0.7930 0.2643 7.0199e-07
0.7940 0.2647 7.0373e-07
0.7950 0.2650 7.0546e-07
0.7960 0.2653 7.0719e-07
0.7970 0.2657 7.0893e-07
0.7980 0.2660 7.1066e-07
0.7990 0.2663 7.1240e-07
0.8000 0.2667 7.1413e-07
0.8010 0.2670 7.1586e-07
0.8020 0.2673 7.1760e-07
0.8030 0.2677 7.1933e-07
0.8040 0.2680 7.2107e-07
0.8050 0.2683 7.2280e-07
0.8060 0.2687 7.2453e-07
0.8070 0.2690 7.2627e-07
0.8080 0.2693 7.2800e-07
0.8090 0.2697 7.2974e-07
0.8100 0.2700 7.3147e-07
0.8110 0.2703 7.3320e-07
0.8120 0.2707 7.3494e-07
0.8130 0.2710 7.3667e-07
0.8140 0.2713 7.3841e-07
0.8150 0.2717 7.4014e-07
0.8160 0.2720 7.4187e-07
0.8170 0.2723 7.4361e-07
0.8180 0.2727 7.4534e-07
0.8190 0.2730 7.4708e-07
0.8200 0.2733 7.4881e-07
0.8210 0.2737 7.5073e-07
0.8220 0.2740 7.5267e-07
0.8230 0.2743 7.5461e-07
0.8240 0.2747 7.5654e-07
0.8250 0.2750 7.5848e-07
0.8260 0.2753 7.6042e-07
0.8270 0.2757 7.6235e-07
0.8280 0.2760 7.6429e-07
0.8290 0.2763 7.6622e-07
0.8300 0.2767 7.6816e-07
0.8310 0.2770 7.7010e-07
0.8320 0.2773 7.7203e-07
0.8330 0.2777 7.7397e-07
0.8340 0.2780 7.7591e-07
0.8350 0.2783 7.7784e-07
0.8360 0.2787 7.7978e-07
0.8370 0.2790 7.8172e-07
0.8380 0.2793 7.8365e-07
0.8390 0.2797 7.8559e-07
0.8400 0.2800 7.8753e-07
0.8410 0.2803 7.8946e-07
0.8420 0.2807 7.9140e-07
0.8430 0.2810 7.9334e-07
0.8440 0.2813 7.9527e-07
0.8450 0.2817 7.9721e-07
0.8460 0.2820 7.9915e-07
0.8470 0.2823 8.0108e-07
0.8480 0.2827 8.0302e-07
0.8490 0.2830 8.0495e-07
0.8500 0.2833 8.0689e-07
0.8510 0.2837 8.0883e-07
0.8520 0.2840 8.1076e-07
0.8530 0.2843 8.1270e-07
0.8540 0.2847 8.1464e-07
0.8550 0.2850 8.1657e-07
0.8560 0.2853 8.1851e-07
0.8570 0.2857 8.2045e-07
0.8580 0.2860 8.2238e-07
0.8590 0.2863 8.2432e-07
0.8600 0.2867 8.2626e-07
0.8610 0.2870 8.2819e-07
0.8620 0.2873 8.3013e-07
0.8630 0.2877 8.3207e-07
0.8640 0.2880 8.3400e-07
0.8650 0.2883 8.3594e-07
0.8660 0.2887 8.3787e-07
0.8670 0.2890 8.3981e-07
0.8680 0.2893 8.4175e-07
0.8690 0.2897 8.4368e-07
0.8700 0.2900 8.4562e-07
0.8710 0.2903 8.4756e-07
0.8720 0.2907 8.4949e-07
0.8730 0.2910 8.5143e-07
0.8740 0.2913 8.5337e-07
0.8750 0.2917 8.5530e-07
0.8760 0.2920 8.5724e-07
0.8770 0.2923 8.5918e-07
0.8780 0.2927 8.6111e-07
0.8790 0.2930 8.6305e-07
0.8800 0.2933 8.6499e-07
0.8810 0.2937 8.6700e-07
0.8820 0.2940 8.6905e-07
0.8830 0.2943 8.7109e-07
0.8840 0.2947 8.7314e-07
0.8850 0.2950 8.7518e-07
0.8860 0.2953 8.7723e-07
0.8870 0.2957 8.7928e-07
0.8880 0.2960 8.8132e-07
0.8890 0.2963 8.8337e-07
0.8900 0.2967 8.8541e-07
0.8910 0.2970 8.8746e-07
0.8920 0.2973 8.8950e-07
0.8930 0.2977 8.9155e-07
0.8940 0.2980 8.9360e-07
0.8950 0.2983 8.9564e-07
0.8960 0.2987 8.9769e-07
0.8970 0.2990 8.9973e-07
0.8980 0.2993 9.0178e-07
0.8990 0.2997 9.0382e-07
0.9000 0.3000 9.0587e-07
0.9010 0.3003 9.0791e-07
0.9020 0.3007 9.0996e-07
0.9030 0.3010 9.1201e-07
0.9040 0.3013 9.1405e-07
0.9050 0.3017 9.1610e-07
0.9060 0.3020 9.1814e-07
0.9070 0.3023 9.2019e-07
0.9080 0.3027 9.2223e-07
0.9090 0.3030 9.2428e-07
0.9100 0.3033 9.2633e-07
0.9110 0.3037 9.2837e-07
0.9120 0.3040 9.3042e-07
0.9130 0.3043 9.3246e-07
0.9140 0.3047 9.3451e-07
0.9150 0.3050 9.3655e-07
0.9160 0.3053 9.3860e-07
0.9170 0.3057 9.4065e-07
0.9180 0.3060 9.4269e-07
0.9190 0.3063 9.4474e-07
0.9200 0.3067 9.4678e-07
0.9210 0.3070 9.4883e-07
0.9220 0.3073 9.5087e-07
0.9230 0.3077 9.5292e-07
0.9240 0.3080 9.5496e-07
0.9250 0.3083 9.5701e-07
0.9260 0.3087 9.5906e-07
0.9270 0.3090 9.6110e-07
0.9280 0.3093 9.6315e-07
0.9290 0.3097 9.6519e-07
0.9300 0.3100 9.6724e-07
0.9310 0.3103 9.6928e-07
0.9320 0.3107 9.7133e-07
0.9330 0.3110 9.7338e-07
0.9340 0.3113 9.7542e-07
0.9350 0.3117 9.7747e-07
0.9360 0.3120 9.7951e-07
0.9370 0.3123 9.8156e-07
0.9380 0.3127 9.8360e-07
0.9390 0.3130 9.8565e-07
0.9400 0.3133 9.8770e-07
0.9410 0.3137 9.8974e-07
0.9420 0.3140 9.9179e-07
0.9430 0.3143 9.9383e-07
0.9440 0.3147 9.9588e-07
0.9450 0.3150 9.9792e-07
0.9460 0.3153 9.9997e-07
0.9470 0.3157 1.0020e-06
0.9480 0.3160 1.0041e-06
0.9490 0.3163 1.0061e-06
0.9500 0.3167 1.0082e-06
0.9510 0.3170 1.0102e-06
0.9520 0.3173 1.0122e-06
0.9530 0.3177 1.0143e-06
0.9540 0.3180 1.0163e-06
0.9550 0.3183 1.0184e-06
0.9560 0.3187 1.0204e-06
0.9570 0.3190 1.0225e-06
0.9580 0.3193 1.0245e-06
0.9590 0.3197 1.0266e-06
0.9600 0.3200 1.0286e-06
0.9610 0.3203 1.0307e-06
0.9620 0.3207 1.0327e-06
0.9630 0.3210 1.0347e-06
0.9640 0.3213 1.0368e-06
0.9650 0.3217 1.0388e-06
0.9660 0.3220 1.0409e-06
0.9670 0.3223 1.0429e-06
0.9680 0.3227 1.0450e-06
0.9690 0.3230 1.0470e-06
0.9700 0.3233 1.0491e-06
0.9710 0.3237 1.0511e-06
0.9720 0.3240 1.0532e-06
0.9730 0.3243 1.0552e-06
0.9740 0.3247 1.0572e-06
0.9750 0.3250 1.0593e-06
0.9760 0.3253 1.0613e-06
0.9770 0.3257 1.0634e-06
0.9780 0.3260 1.0654e-06
0.9790 0.3263 1.0675e-06
0.9800 0.3267 1.0695e-06
0.9810 0.3270 1.0716e-06
0.9820 0.3273 1.0736e-06
0.9830 0.3277 1.0757e-06
0.9840 0.3280 1.0780e-06
0.9850 0.3283 1.0803e-06
0.9860 0.3287 1.0826e-06
0.9870 0.3290 1.0850e-06
0.9880 0.3293 1.0873e-06
0.9890 0.3297 1.0896e-06
0.9900 0.3300 1.0919e-06
0.9910 0.3303 1.0942e-06
0.9920 0.3307 1.0966e-06
0.9930 0.3310 1.0989e-06
0.9940 0.3313 1.1012e-06
0.9950 0.3317 1.1035e-06
0.9960 0.3320 1.1058e-06
0.9970 0.3323 1.1082e-06
0.9980 0.3327 1.1105e-06
0.9990 0.3330 1.1128e-06
1.0000 0.3333 1.1151e-06
1.0100 0.3367 1.1383e-06
1.0200 0.3400 1.1615e-06
1.0300 0.3433 1.1848e-06
1.0400 0.3467 1.2080e-06
1.0500 0.3500 1.2312e-06
1.0600 0.3533 1.2545e-06
1.0700 0.3567 1.2777e-06
1.0800 0.3600 1.3009e-06
1.0900 0.3633 1.3252e-06
1.1000 0.3667 1.3516e-06
1.1100 0.3700 1.3780e-06
1.1200 0.3733 1.4044e-06
1.1300 0.3767 1.4308e-06
1.1400 0.3800 1.4572e-06
1.1500 0.3833 1.4836e-06
1.1600 0.3867 1.5100e-06
1.1700 0.3900 1.5363e-06
1.1800 0.3933 1.5627e-06
1.1900 0.3967 1.5891e-06
1.2000 0.4000 1.6155e-06
1.2100 0.4033 1.6419e-06
1.2200 0.4067 1.6683e-06
1.2300 0.4100 1.6947e-06
1.2400 0.4133 1.7211e-06
1.2500 0.4167 1.7475e-06
1.2600 0.4200 1.7739e-06
1.2700 0.4233 1.8003e-06
1.2800 0.4267 1.8267e-06
1.2900 0.4300 1.8531e-06
1.3000 0.4333 1.8855e-06
1.3100 0.4367 1.9186e-06
1.3200 0.4400 1.9506e-06
1.3300 0.4433 1.9787e-06
1.3400 0.4467 2.0069e-06
1.3500 0.4500 2.0382e-06
1.3600 0.4533 2.0704e-06
1.3700 0.4567 2.1025e-06
1.3800 0.4600 2.1346e-06
1.3900 0.4633 2.1668e-06
1.4000 0.4667 2.1989e-06
1.4100 0.4700 2.2310e-06
1.4200 0.4733 2.2632e-06
1.4300 0.4767 2.2953e-06
1.4400 0.4800 2.3274e-06
1.4500 0.4833 2.3596e-06
1.4600 0.4867 2.3917e-06
1.4700 0.4900 2.4238e-06
1.4800 0.4933 2.4560e-06
1.4900 0.4967 2.4867e-06
1.5000 0.5000 2.5165e-06
1.5100 0.5033 2.5464e-06
1.5200 0.5067 2.5763e-06
1.5300 0.5100 2.6061e-06
1.5400 0.5133 2.6415e-06
1.5500 0.5167 2.6774e-06
1.5600 0.5200 2.7133e-06
1.5700 0.5233 2.7492e-06
1.5800 0.5267 2.7851e-06
1.5900 0.5300 2.8211e-06
1.6000 0.5333 2.8570e-06
1.6100 0.5367 2.8929e-06
1.6200 0.5400 2.9288e-06
1.6300 0.5433 2.9647e-06
1.6400 0.5467 3.0006e-06
1.6500 0.5500 3.0365e-06
1.6600 0.5533 3.0722e-06
1.6700 0.5567 3.1073e-06
1.6800 0.5600 3.1434e-06
1.6900 0.5633 3.1801e-06
1.7000 0.5667 3.2192e-06
1.7100 0.5700 3.2614e-06
1.7200 0.5733 3.3035e-06
1.7300 0.5767 3.3457e-06
1.7400 0.5800 3.3878e-06
1.7500 0.5833 3.4300e-06
1.7600 0.5867 3.4721e-06
1.7700 0.5900 3.5143e-06
1.7800 0.5933 3.5565e-06
1.7900 0.5967 3.5986e-06
1.8000 0.6000 3.6408e-06
1.8100 0.6033 3.6829e-06
1.8200 0.6067 3.7251e-06
1.8300 0.6100 3.7673e-06
1.8400 0.6133 3.8094e-06
1.8500 0.6167 3.8516e-06
1.8600 0.6200 3.8937e-06
1.8700 0.6233 3.9359e-06
1.8800 0.6267 3.9780e-06
1.8900 0.6300 4.0202e-06
1.9000 0.6333 4.0624e-06
1.9100 0.6367 4.1045e-06
1.9200 0.6400 4.1467e-06
1.9300 0.6433 4.1888e-06
1.9400 0.6467 4.2310e-06
1.9500 0.6500 4.2732e-06
1.9600 0.6533 4.3153e-06
1.9700 0.6567 4.3575e-06
1.9800 0.6600 4.3996e-06
1.9900 0.6633 4.4418e-06
2.0000 0.6667 4.4839e-06
2.0100 0.6700 4.5261e-06
2.0200 0.6733 4.5683e-06
2.0300 0.6767 4.6104e-06
2.0400 0.6800 4.6526e-06
2.0500 0.6833 4.6960e-06
2.0600 0.6867 4.7412e-06
2.0700 0.6900 4.7864e-06
2.0800 0.6933 4.8316e-06
2.0900 0.6967 4.8769e-06
2.1000 0.7000 4.9221e-06
2.1100 0.7033 4.9673e-06
2.1200 0.7067 5.0125e-06
2.1300 0.7100 5.0604e-06
2.1400 0.7133 5.1090e-06
2.1500 0.7167 5.1576e-06
2.1600 0.7200 5.2062e-06
2.1700 0.7233 5.2548e-06
2.1800 0.7267 5.3034e-06
2.1900 0.7300 5.3521e-06
2.2000 0.7333 5.4007e-06
2.2100 0.7367 5.4493e-06
2.2200 0.7400 5.4979e-06
2.2300 0.7433 5.5487e-06
2.2400 0.7467 5.6016e-06
2.2500 0.7500 5.6545e-06
2.2600 0.7533 5.7074e-06
2.2700 0.7567 5.7604e-06
2.2800 0.7600 5.8133e-06
2.2900 0.7633 5.8662e-06
2.3000 0.7667 5.9192e-06
2.3100 0.7700 5.9721e-06
2.3200 0.7733 6.0250e-06
2.3300 0.7767 6.0779e-06
2.3400 0.7800 6.1309e-06
2.3500 0.7833 6.1838e-06
2.3600 0.7867 6.2367e-06
2.3700 0.7900 6.2897e-06
2.3800 0.7933 6.3426e-06
2.3900 0.7967 6.3955e-06
2.4000 0.8000 6.4484e-06
2.4100 0.8033 6.5014e-06
2.4200 0.8067 6.5543e-06
2.4300 0.8100 6.6072e-06
2.4400 0.8133 6.6602e-06
2.4500 0.8167 6.7131e-06
2.4600 0.8200 6.7660e-06
2.4700 0.8233 6.8189e-06
2.4800 0.8267 6.8719e-06
2.4900 0.8300 6.9248e-06
2.5000 0.8333 6.9777e-06
2.5100 0.8367 7.0307e-06
2.5200 0.8400 7.0836e-06
2.5300 0.8433 7.1388e-06
2.5400 0.8467 7.1974e-06
2.5500 0.8500 7.2561e-06
2.5600 0.8533 7.3147e-06
2.5700 0.8567 7.3734e-06
2.5800 0.8600 7.4320e-06
2.5900 0.8633 7.4906e-06
2.6000 0.8667 7.5493e-06
2.6100 0.8700 7.6079e-06
2.6200 0.8733 7.6665e-06
2.6300 0.8767 7.7252e-06
2.6400 0.8800 7.7838e-06
2.6500 0.8833 7.8425e-06
2.6600 0.8867 7.9011e-06
2.6700 0.8900 7.9597e-06
2.6800 0.8933 8.0184e-06
2.6900 0.8967 8.0770e-06
2.7000 0.9000 8.1392e-06
2.7100 0.9033 8.2018e-06
2.7200 0.9067 8.2645e-06
2.7300 0.9100 8.3271e-06
2.7400 0.9133 8.3898e-06
2.7500 0.9167 8.4525e-06
2.7600 0.9200 8.5151e-06
2.7700 0.9233 8.5778e-06
2.7800 0.9267 8.6405e-06
2.7900 0.9300 8.7031e-06
2.8000 0.9333 8.7658e-06
2.8100 0.9367 8.8284e-06
2.8200 0.9400 8.8911e-06
2.8300 0.9433 8.9538e-06
2.8400 0.9467 9.0164e-06
2.8500 0.9500 9.0791e-06
2.8600 0.9533 9.1418e-06
2.8700 0.9567 9.2044e-06
2.8800 0.9600 9.2671e-06
2.8900 0.9633 9.3297e-06
2.9000 0.9667 9.3924e-06
2.9100 0.9700 9.4551e-06
2.9200 0.9733 9.5177e-06
2.9300 0.9767 9.5851e-06
2.9400 0.9800 9.6531e-06
2.9500 0.9833 9.7212e-06
2.9600 0.9867 9.7893e-06
2.9700 0.9900 9.8573e-06
2.9800 0.9933 9.9254e-06
2.9900 0.9967 9.9935e-06
3.0000 1.0000 1.0062e-05
3.0100 1.0033 1.0130e-05
3.0200 1.0067 1.0198e-05
3.0300 1.0100 1.0266e-05
3.0400 1.0133 1.0334e-05
3.0500 1.0167 1.0402e-05
3.0600 1.0200 1.0470e-05
3.0700 1.0233 1.0538e-05
3.0800 1.0267 1.0606e-05
3.0900 1.0300 1.0674e-05
3.1000 1.0333 1.0742e-05
3.1100 1.0367 1.0810e-05
3.1200 1.0400 1.0879e-05
3.1300 1.0433 1.0953e-05
3.1400 1.0467 1.1026e-05
3.1500 1.0500 1.1100e-05
3.1600 1.0533 1.1173e-05
3.1700 1.0567 1.1247e-05
3.1800 1.0600 1.1321e-05
3.1900 1.0633 1.1394e-05
3.2000 1.0667 1.1468e-05
3.2100 1.0700 1.1542e-05
3.2200 1.0733 1.1615e-05
3.2300 1.0767 1.1689e-05
3.2400 1.0800 1.1762e-05
3.2500 1.0833 1.1836e-05
3.2600 1.0867 1.1910e-05
3.2700 1.0900 1.1983e-05
3.2800 1.0933 1.2057e-05
3.2900 1.0967 1.2130e-05
3.3000 1.1000 1.2204e-05
3.3100 1.1033 1.2278e-05
3.3200 1.1067 1.2351e-05
3.3300 1.1100 1.2425e-05
3.3400 1.1133 1.2498e-05
3.3500 1.1167 1.2572e-05
3.3600 1.1200 1.2646e-05
3.3700 1.1233 1.2719e-05
3.3800 1.1267 1.2793e-05
3.3900 1.1300 1.2866e-05
3.4000 1.1333 1.2940e-05
3.4100 1.1367 1.3014e-05
3.4200 1.1400 1.3093e-05
3.4300 1.1433 1.3174e-05
3.4400 1.1467 1.3255e-05
3.4500 1.1500 1.3336e-05
3.4600 1.1533 1.3417e-05
3.4700 1.1567 1.3498e-05
3.4800 1.1600 1.3579e-05
3.4900 1.1633 1.3660e-05
3.5000 1.1667 1.3741e-05
3.5100 1.1700 1.3822e-05
3.5200 1.1733 1.3903e-05
3.5300 1.1767 1.3984e-05
3.5400 1.1800 1.4065e-05
3.5500 1.1833 1.4146e-05
3.5600 1.1867 1.4227e-05
3.5700 1.1900 1.4308e-05
3.5800 1.1933 1.4389e-05
3.5900 1.1967 1.4470e-05
3.6000 1.2000 1.4551e-05
3.6100 1.2033 1.4632e-05
3.6200 1.2067 1.4713e-05
3.6300 1.2100 1.4794e-05
3.6400 1.2133 1.4875e-05
3.6500 1.2167 1.4956e-05
3.6600 1.2200 1.5037e-05
3.6700 1.2233 1.5118e-05
3.6800 1.2267 1.5199e-05
3.6900 1.2300 1.5280e-05
3.7000 1.2333 1.5361e-05
3.7100 1.2367 1.5442e-05
3.7200 1.2400 1.5523e-05
3.7300 1.2433 1.5604e-05
3.7400 1.2467 1.5685e-05
3.7500 1.2500 1.5766e-05
3.7600 1.2533 1.5847e-05
3.7700 1.2567 1.5928e-05
3.7800 1.2600 1.6009e-05
3.7900 1.2633 1.6090e-05
3.8000 1.2667 1.6171e-05
3.8100 1.2700 1.6252e-05
3.8200 1.2733 1.6333e-05
3.8300 1.2767 1.6414e-05
3.8400 1.2800 1.6521e-05
3.8500 1.2833 1.6635e-05
3.8600 1.2867 1.6715e-05
3.8700 1.2900 1.6791e-05
3.8800 1.2933 1.6868e-05
3.8900 1.2967 1.6944e-05
3.9000 1.3000 1.7021e-05
3.9100 1.3033 1.7097e-05
3.9200 1.3067 1.7188e-05
3.9300 1.3100 1.7282e-05
3.9400 1.3133 1.7376e-05
3.9500 1.3167 1.7470e-05
3.9600 1.3200 1.7564e-05
3.9700 1.3233 1.7658e-05
3.9800 1.3267 1.7752e-05
3.9900 1.3300 1.7846e-05
