0.0010 0.0003 4.7530e-03
0.0020 0.0007 4.7530e-03
0.0030 0.0010 4.7530e-03
0.0040 0.0013 4.7530e-03
0.0050 0.0017 4.7530e-03
0.0060 0.0020 4.7530e-03
0.0070 0.0023 4.7530e-03
0.0080 0.0027 4.7530e-03
0.0090 0.0030 4.7530e-03
0.0100 0.0033 4.7530e-03
0.0110 0.0037 4.7530e-03
0.0120 0.0040 4.7530e-03
0.0130 0.0043 4.7530e-03
0.0140 0.0047 4.7530e-03
0.0150 0.0050 4.7529e-03
0.0160 0.0053 4.7529e-03
0.0170 0.0057 4.7529e-03
0.0180 0.0060 4.7529e-03
0.0190 0.0063 4.7529e-03
0.0200 0.0067 4.7529e-03
0.0210 0.0070 4.7528e-03
0.0220 0.0073 4.7528e-03
0.0230 0.0077 4.7528e-03
0.0240 0.0080 4.7528e-03
0.0250 0.0083 4.7527e-03
0.0260 0.0087 4.7527e-03
0.0270 0.0090 4.7527e-03
0.0280 0.0093 4.7527e-03
0.0290 0.0097 4.7526e-03
0.0300 0.0100 4.7526e-03
0.0310 0.0103 4.7526e-03
0.0320 0.0107 4.7525e-03
0.0330 0.0110 4.7525e-03
0.0340 0.0113 4.7525e-03
0.0350 0.0117 4.7524e-03
0.0360 0.0120 4.7524e-03
0.0370 0.0123 4.7524e-03
0.0380 0.0127 4.7523e-03
0.0390 0.0130 4.7523e-03
0.0400 0.0133 4.7523e-03
0.0410 0.0137 4.7522e-03
0.0420 0.0140 4.7522e-03
0.0430 0.0143 4.7521e-03
0.0440 0.0147 4.7521e-03
0.0450 0.0150 4.7520e-03
0.0460 0.0153 4.7520e-03
0.0470 0.0157 4.7520e-03
0.0480 0.0160 4.7519e-03
0.0490 0.0163 4.7519e-03
0.0500 0.0167 4.7518e-03
0.0510 0.0170 4.7518e-03
0.0520 0.0173 4.7517e-03
0.0530 0.0177 4.7517e-03
0.0540 0.0180 4.7516e-03
0.0550 0.0183 4.7516e-03
0.0560 0.0187 4.7515e-03
0.0570 0.0190 4.7514e-03
0.0580 0.0193 4.7514e-03
0.0590 0.0197 4.7513e-03
0.0600 0.0200 4.7513e-03
0.0610 0.0203 4.7512e-03
0.0620 0.0207 4.7511e-03
0.0630 0.0210 4.7511e-03
0.0640 0.0213 4.7510e-03
0.0650 0.0217 4.7510e-03
0.0660 0.0220 4.7509e-03
0.0670 0.0223 4.7508e-03
0.0680 0.0227 4.7508e-03
0.0690 0.0230 4.7507e-03
0.0700 0.0233 4.7506e-03
0.0710 0.0237 4.7506e-03
0.0720 0.0240 4.7505e-03
0.0730 0.0243 4.7504e-03
0.0740 0.0247 4.7503e-03
0.0750 0.0250 4.7503e-03
0.0760 0.0253 4.7502e-03
0.0770 0.0257 4.7501e-03
0.0780 0.0260 4.7500e-03
0.0790 0.0263 4.7500e-03
0.0800 0.0267 4.7499e-03
0.0810 0.0270 4.7498e-03
0.0820 0.0273 4.7497e-03
0.0830 0.0277 4.7496e-03
0.0840 0.0280 4.7496e-03
0.0850 0.0283 4.7495e-03
0.0860 0.0287 4.7494e-03
0.0870 0.0290 4.7493e-03
0.0880 0.0293 4.7492e-03
0.0890 0.0297 4.7491e-03
0.0900 0.0300 4.7490e-03
0.0910 0.0303 4.7489e-03
0.0920 0.0307 4.7489e-03
0.0930 0.0310 4.7488e-03
0.0940 0.0313 4.7487e-03
0.0950 0.0317 4.7486e-03
0.0960 0.0320 4.7485e-03
0.0970 0.0323 4.7484e-03
0.0980 0.0327 4.7483e-03
0.0990 0.0330 4.7482e-03
0.1000 0.0333 4.7481e-03
0.1010 0.0337 4.7480e-03
0.1020 0.0340 4.7479e-03
0.1030 0.0343 4.7478e-03
0.1040 0.0347 4.7477e-03
0.1050 0.0350 4.7476e-03
0.1060 0.0353 4.7475e-03
0.1070 0.0357 4.7474e-03
0.1080 0.0360 4.7473e-03
0.1090 0.0363 4.7472e-03
0.1100 0.0367 4.7471e-03
0.1110 0.0370 4.7469e-03
0.1120 0.0373 4.7468e-03
0.1130 0.0377 4.7467e-03
0.1140 0.0380 4.7466e-03
0.1150 0.0383 4.7465e-03
0.1160 0.0387 4.7464e-03
0.1170 0.0390 4.7463e-03
0.1180 0.0393 4.7461e-03
0.1190 0.0397 4.7460e-03
0.1200 0.0400 4.7459e-03
0.1210 0.0403 4.7458e-03
0.1220 0.0407 4.7457e-03
0.1230 0.0410 4.7456e-03
0.1240 0.0413 4.7454e-03
0.1250 0.0417 4.7453e-03
0.1260 0.0420 4.7452e-03
0.1270 0.0423 4.7451e-03
0.1280 0.0427 4.7449e-03
0.1290 0.0430 4.7448e-03
0.1300 0.0433 4.7447e-03
0.1310 0.0437 4.7445e-03
0.1320 0.0440 4.7444e-03
0.1330 0.0443 4.7443e-03
0.1340 0.0447 4.7442e-03
0.1350 0.0450 4.7440e-03
0.1360 0.0453 4.7439e-03
0.1370 0.0457 4.7437e-03
0.1380 0.0460 4.7436e-03
0.1390 0.0463 4.7435e-03
0.1400 0.0467 4.7433e-03
0.1410 0.0470 4.7432e-03
0.1420 0.0473 4.7431e-03
0.1430 0.0477 4.7429e-03
0.1440 0.0480 4.7428e-03
0.1450 0.0483 4.7426e-03
0.1460 0.0487 4.7425e-03
0.1470 0.0490 4.7423e-03
0.1480 0.0493 4.7422e-03
0.1490 0.0497 4.7420e-03
0.1500 0.0500 4.7419e-03
0.1510 0.0503 4.7418e-03
0.1520 0.0507 4.7416e-03
0.1530 0.0510 4.7414e-03
0.1540 0.0513 4.7413e-03
0.1550 0.0517 4.7411e-03
0.1560 0.0520 4.7410e-03
0.1570 0.0523 4.7408e-03
0.1580 0.0527 4.7407e-03
0.1590 0.0530 4.7405e-03
0.1600 0.0533 4.7404e-03
0.1610 0.0537 4.7402e-03
0.1620 0.0540 4.7400e-03
0.1630 0.0543 4.7399e-03
0.1640 0.0547 4.7397e-03
0.1650 0.0550 4.7396e-03
0.1660 0.0553 4.7394e-03
0.1670 0.0557 4.7392e-03
0.1680 0.0560 4.7391e-03
0.1690 0.0563 4.7389e-03
0.1700 0.0567 4.7387e-03
0.1710 0.0570 4.7386e-03
0.1720 0.0573 4.7384e-03
0.1730 0.0577 4.7382e-03
0.1740 0.0580 4.7380e-03
0.1750 0.0583 4.7379e-03
0.1760 0.0587 4.7377e-03
0.1770 0.0590 4.7375e-03
0.1780 0.0593 4.7373e-03
0.1790 0.0597 4.7372e-03
0.1800 0.0600 4.7370e-03
0.1810 0.0603 4.7368e-03
0.1820 0.0607 4.7366e-03
0.1830 0.0610 4.7365e-03
0.1840 0.0613 4.7363e-03
0.1850 0.0617 4.7361e-03
0.1860 0.0620 4.7359e-03
0.1870 0.0623 4.7357e-03
0.1880 0.0627 4.7355e-03
0.1890 0.0630 4.7353e-03
0.1900 0.0633 4.7352e-03
0.1910 0.0637 4.7350e-03
0.1920 0.0640 4.7348e-03
0.1930 0.0643 4.7346e-03
0.1940 0.0647 4.7344e-03
0.1950 0.0650 4.7342e-03
0.1960 0.0653 4.7340e-03
0.1970 0.0657 4.7338e-03
0.1980 0.0660 4.7336e-03
0.1990 0.0663 4.7334e-03
0.2000 0.0667 4.7332e-03
0.2010 0.0670 4.7330e-03
0.2020 0.0673 4.7328e-03
0.2030 0.0677 4.7326e-03
0.2040 0.0680 4.7324e-03
0.2050 0.0683 4.7322e-03
0.2060 0.0687 4.7320e-03
0.2070 0.0690 4.7318e-03
0.2080 0.0693 4.7316e-03
0.2090 0.0697 4.7314e-03
0.2100 0.0700 4.7312e-03
0.2110 0.0703 4.7310e-03
0.2120 0.0707 4.7308e-03
0.2130 0.0710 4.7306e-03
0.2140 0.0713 4.7304e-03
0.2150 0.0717 4.7301e-03
0.2160 0.0720 4.7299e-03
0.2170 0.0723 4.7297e-03
0.2180 0.0727 4.7295e-03
0.2190 0.0730 4.7293e-03
0.2200 0.0733 4.7291e-03
0.2210 0.0737 4.7288e-03
0.2220 0.0740 4.7286e-03
0.2230 0.0743 4.7284e-03
0.2240 0.0747 4.7282e-03
0.2250 0.0750 4.7280e-03
0.2260 0.0753 4.7277e-03
0.2270 0.0757 4.7275e-03
0.2280 0.0760 4.7273e-03
0.2290 0.0763 4.7271e-03
0.2300 0.0767 4.7268e-03
0.2310 0.0770 4.7266e-03
0.2320 0.0773 4.7264e-03
0.2330 0.0777 4.7261e-03
0.2340 0.0780 4.7259e-03
0.2350 0.0783 4.7257e-03
0.2360 0.0787 4.7254e-03
0.2370 0.0790 4.7252e-03
0.2380 0.0793 4.7250e-03
0.2390 0.0797 4.7247e-03
0.2400 0.0800 4.7245e-03
0.2410 0.0803 4.7243e-03
0.2420 0.0807 4.7240e-03
0.2430 0.0810 4.7238e-03
0.2440 0.0813 4.7235e-03
0.2450 0.0817 4.7233e-03
0.2460 0.0820 4.7231e-03
0.2470 0.0823 4.7228e-03
0.2480 0.0827 4.7226e-03
0.2490 0.0830 4.7223e-03
0.2500 0.0833 4.7221e-03
0.2510 0.0837 4.7218e-03
0.2520 0.0840 4.7216e-03
0.2530 0.0843 4.7213e-03
0.2540 0.0847 4.7211e-03
0.2550 0.0850 4.7208e-03
0.2560 0.0853 4.7206e-03
0.2570 0.0857 4.7203e-03
0.2580 0.0860 4.7201e-03
0.2590 0.0863 4.7198e-03
0.2600 0.0867 4.7196e-03
0.2610 0.0870 4.7193e-03
0.2620 0.0873 4.7190e-03
0.2630 0.0877 4.7188e-03
0.2640 0.0880 4.7185e-03
0.2650 0.0883 4.7182e-03
0.2660 0.0887 4.7180e-03
0.2670 0.0890 4.7177e-03
0.2680 0.0893 4.7175e-03
0.2690 0.0897 4.7172e-03
0.2700 0.0900 4.7169e-03
0.2710 0.0903 4.7167e-03
0.2720 0.0907 4.7164e-03
0.2730 0.0910 4.7161e-03
0.2740 0.0913 4.7158e-03
0.2750 0.0917 4.7156e-03
0.2760 0.0920 4.7153e-03
0.2770 0.0923 4.7150e-03
0.2780 0.0927 4.7148e-03
0.2790 0.0930 4.7145e-03
0.2800 0.0933 4.7142e-03
0.2810 0.0937 4.7139e-03
0.2820 0.0940 4.7136e-03
0.2830 0.0943 4.7134e-03
0.2840 0.0947 4.7131e-03
0.2850 0.0950 4.7128e-03
0.2860 0.0953 4.7125e-03
0.2870 0.0957 4.7122e-03
0.2880 0.0960 4.7119e-03
0.2890 0.0963 4.7117e-03
0.2900 0.0967 4.7114e-03
0.2910 0.0970 4.7111e-03
0.2920 0.0973 4.7108e-03
0.2930 0.0977 4.7105e-03
0.2940 0.0980 4.7102e-03
0.2950 0.0983 4.7099e-03
0.2960 0.0987 4.7096e-03
0.2970 0.0990 4.7093e-03
0.2980 0.0993 4.7090e-03
0.2990 0.0997 4.7087e-03
0.3000 0.1000 4.7085e-03
0.3010 0.1003 4.7082e-03
0.3020 0.1007 4.7079e-03
0.3030 0.1010 4.7076e-03
0.3040 0.1013 4.7073e-03
0.3050 0.1017 4.7070e-03
0.3060 0.1020 4.7066e-03
0.3070 0.1023 4.7063e-03
0.3080 0.1027 4.7060e-03
0.3090 0.1030 4.7057e-03
0.3100 0.1033 4.7054e-03
0.3110 0.1037 4.7051e-03
0.3120 0.1040 4.7048e-03
0.3130 0.1043 4.7045e-03
0.3140 0.1047 4.7042e-03
0.3150 0.1050 4.7039e-03
0.3160 0.1053 4.7036e-03
0.3170 0.1057 4.7033e-03
0.3180 0.1060 4.7029e-03
0.3190 0.1063 4.7026e-03
0.3200 0.1067 4.7023e-03
0.3210 0.1070 4.7020e-03
0.3220 0.1073 4.7017e-03
0.3230 0.1077 4.7013e-03
0.3240 0.1080 4.7010e-03
0.3250 0.1083 4.7007e-03
0.3260 0.1087 4.7004e-03
0.3270 0.1090 4.7001e-03
0.3280 0.1093 4.6997e-03
0.3290 0.1097 4.6994e-03
0.3300 0.1100 4.6991e-03
0.3310 0.1103 4.6988e-03
0.3320 0.1107 4.6984e-03
0.3330 0.1110 4.6981e-03
0.3340 0.1113 4.6978e-03
0.3350 0.1117 4.6974e-03
0.3360 0.1120 4.6971e-03
0.3370 0.1123 4.6968e-03
0.3380 0.1127 4.6964e-03
0.3390 0.1130 4.6961e-03
0.3400 0.1133 4.6958e-03
0.3410 0.1137 4.6954e-03
0.3420 0.1140 4.6951e-03
0.3430 0.1143 4.6947e-03
0.3440 0.1147 4.6944e-03
0.3450 0.1150 4.6941e-03
0.3460 0.1153 4.6937e-03
0.3470 0.1157 4.6934e-03
0.3480 0.1160 4.6930e-03
0.3490 0.1163 4.6927e-03
0.3500 0.1167 4.6923e-03
0.3510 0.1170 4.6920e-03
0.3520 0.1173 4.6916e-03
0.3530 0.1177 4.6913e-03
0.3540 0.1180 4.6909e-03
0.3550 0.1183 4.6906e-03
0.3560 0.1187 4.6902e-03
0.3570 0.1190 4.6899e-03
0.3580 0.1193 4.6895e-03
0.3590 0.1197 4.6892e-03
0.3600 0.1200 4.6888e-03
0.3610 0.1203 4.6885e-03
0.3620 0.1207 4.6881e-03
0.3630 0.1210 4.6878e-03
0.3640 0.1213 4.6874e-03
0.3650 0.1217 4.6870e-03
0.3660 0.1220 4.6867e-03
0.3670 0.1223 4.6863e-03
0.3680 0.1227 4.6859e-03
0.3690 0.1230 4.6856e-03
0.3700 0.1233 4.6852e-03
0.3710 0.1237 4.6848e-03
0.3720 0.1240 4.6845e-03
0.3730 0.1243 4.6841e-03
0.3740 0.1247 4.6837e-03
0.3750 0.1250 4.6834e-03
0.3760 0.1253 4.6830e-03
0.3770 0.1257 4.6826e-03
0.3780 0.1260 4.6822e-03
0.3790 0.1263 4.6819e-03
0.3800 0.1267 4.6815e-03
0.3810 0.1270 4.6811e-03
0.3820 0.1273 4.6807e-03
0.3830 0.1277 4.6804e-03
0.3840 0.1280 4.6800e-03
0.3850 0.1283 4.6796e-03
0.3860 0.1287 4.6792e-03
0.3870 0.1290 4.6788e-03
0.3880 0.1293 4.6784e-03
0.3890 0.1297 4.6781e-03
0.3900 0.1300 4.6777e-03
0.3910 0.1303 4.6773e-03
0.3920 0.1307 4.6769e-03
0.3930 0.1310 4.6765e-03
0.3940 0.1313 4.6761e-03
0.3950 0.1317 4.6757e-03
0.3960 0.1320 4.6753e-03
0.3970 0.1323 4.6749e-03
0.3980 0.1327 4.6746e-03
0.3990 0.1330 4.6742e-03
0.4000 0.1333 4.6738e-03
0.4010 0.1337 4.6734e-03
0.4020 0.1340 4.6730e-03
0.4030 0.1343 4.6726e-03
0.4040 0.1347 4.6722e-03
0.4050 0.1350 4.6718e-03
0.4060 0.1353 4.6714e-03
0.4070 0.1357 4.6710e-03
0.4080 0.1360 4.6706e-03
0.4090 0.1363 4.6702e-03
0.4100 0.1367 4.6697e-03
0.4110 0.1370 4.6693e-03
0.4120 0.1373 4.6689e-03
0.4130 0.1377 4.6685e-03
0.4140 0.1380 4.6681e-03
0.4150 0.1383 4.6677e-03
0.4160 0.1387 4.6673e-03
0.4170 0.1390 4.6669e-03
0.4180 0.1393 4.6665e-03
0.4190 0.1397 4.6661e-03
0.4200 0.1400 4.6656e-03
0.4210 0.1403 4.6652e-03
0.4220 0.1407 4.6648e-03
0.4230 0.1410 4.6644e-03
0.4240 0.1413 4.6640e-03
0.4250 0.1417 4.6635e-03
0.4260 0.1420 4.6631e-03
0.4270 0.1423 4.6627e-03
0.4280 0.1427 4.6623e-03
0.4290 0.1430 4.6618e-03
0.4300 0.1433 4.6614e-03
0.4310 0.1437 4.6610e-03
0.4320 0.1440 4.6606e-03
0.4330 0.1443 4.6601e-03
0.4340 0.1447 4.6597e-03
0.4350 0.1450 4.6593e-03
0.4360 0.1453 4.6588e-03
0.4370 0.1457 4.6584e-03
0.4380 0.1460 4.6580e-03
0.4390 0.1463 4.6575e-03
0.4400 0.1467 4.6571e-03
0.4410 0.1470 4.6567e-03
0.4420 0.1473 4.6562e-03
0.4430 0.1477 4.6558e-03
0.4440 0.1480 4.6554e-03
0.4450 0.1483 4.6549e-03
0.4460 0.1487 4.6545e-03
0.4470 0.1490 4.6540e-03
0.4480 0.1493 4.6536e-03
0.4490 0.1497 4.6531e-03
0.4500 0.1500 4.6527e-03
0.4510 0.1503 4.6523e-03
0.4520 0.1507 4.6518e-03
0.4530 0.1510 4.6514e-03
0.4540 0.1513 4.6509e-03
0.4550 0.1517 4.6505e-03
0.4560 0.1520 4.6500e-03
0.4570 0.1523 4.6496e-03
0.4580 0.1527 4.6491e-03
0.4590 0.1530 4.6486e-03
0.4600 0.1533 4.6482e-03
0.4610 0.1537 4.6477e-03
0.4620 0.1540 4.6473e-03
0.4630 0.1543 4.6468e-03
0.4640 0.1547 4.6464e-03
0.4650 0.1550 4.6459e-03
0.4660 0.1553 4.6454e-03
0.4670 0.1557 4.6450e-03
0.4680 0.1560 4.6445e-03
0.4690 0.1563 4.6440e-03
0.4700 0.1567 4.6436e-03
0.4710 0.1570 4.6431e-03
0.4720 0.1573 4.6426e-03
0.4730 0.1577 4.6422e-03
0.4740 0.1580 4.6417e-03
0.4750 0.1583 4.6412e-03
0.4760 0.1587 4.6408e-03
0.4770 0.1590 4.6403e-03
0.4780 0.1593 4.6398e-03
0.4790 0.1597 4.6393e-03
0.4800 0.1600 4.6389e-03
0.4810 0.1603 4.6384e-03
0.4820 0.1607 4.6379e-03
0.4830 0.1610 4.6374e-03
0.4840 0.1613 4.6370e-03
0.4850 0.1617 4.6365e-03
0.4860 0.1620 4.6360e-03
0.4870 0.1623 4.6355e-03
0.4880 0.1627 4.6350e-03
0.4890 0.1630 4.6346e-03
0.4900 0.1633 4.6341e-03
0.4910 0.1637 4.6336e-03
0.4920 0.1640 4.6331e-03
0.4930 0.1643 4.6326e-03
0.4940 0.1647 4.6321e-03
0.4950 0.1650 4.6316e-03
0.4960 0.1653 4.6311e-03
0.4970 0.1657 4.6306e-03
0.4980 0.1660 4.6302e-03
0.4990 0.1663 4.6297e-03
0.5000 0.1667 4.6292e-03
0.5010 0.1670 4.6287e-03
0.5020 0.1673 4.6282e-03
0.5030 0.1677 4.6277e-03
0.5040 0.1680 4.6272e-03
0.5050 0.1683 4.6267e-03
0.5060 0.1687 4.6262e-03
0.5070 0.1690 4.6257e-03
0.5080 0.1693 4.6252e-03
0.5090 0.1697 4.6247e-03
0.5100 0.1700 4.6242e-03
0.5110 0.1703 4.6237e-03
0.5120 0.1707 4.6231e-03
0.5130 0.1710 4.6226e-03
0.5140 0.1713 4.6221e-03
0.5150 0.1717 4.6216e-03
0.5160 0.1720 4.6211e-03
0.5170 0.1723 4.6206e-03
0.5180 0.1727 4.6201e-03
0.5190 0.1730 4.6196e-03
0.5200 0.1733 4.6191e-03
0.5210 0.1737 4.6185e-03
0.5220 0.1740 4.6180e-03
0.5230 0.1743 4.6175e-03
0.5240 0.1747 4.6170e-03
0.5250 0.1750 4.6165e-03
0.5260 0.1753 4.6159e-03
0.5270 0.1757 4.6154e-03
0.5280 0.1760 4.6149e-03
0.5290 0.1763 4.6144e-03
0.5300 0.1767 4.6138e-03
0.5310 0.1770 4.6133e-03
0.5320 0.1773 4.6128e-03
0.5330 0.1777 4.6123e-03
0.5340 0.1780 4.6117e-03
0.5350 0.1783 4.6112e-03
0.5360 0.1787 4.6107e-03
0.5370 0.1790 4.6101e-03
0.5380 0.1793 4.6096e-03
0.5390 0.1797 4.6091e-03
0.5400 0.1800 4.6085e-03
0.5410 0.1803 4.6080e-03
0.5420 0.1807 4.6075e-03
0.5430 0.1810 4.6069e-03
0.5440 0.1813 4.6064e-03
0.5450 0.1817 4.6059e-03
0.5460 0.1820 4.6053e-03
0.5470 0.1823 4.6048e-03
0.5480 0.1827 4.6042e-03
0.5490 0.1830 4.6037e-03
0.5500 0.1833 4.6031e-03
0.5510 0.1837 4.6026e-03
0.5520 0.1840 4.6021e-03
0.5530 0.1843 4.6015e-03
0.5540 0.1847 4.6010e-03
0.5550 0.1850 4.6004e-03
0.5560 0.1853 4.5999e-03
0.5570 0.1857 4.5993e-03
0.5580 0.1860 4.5988e-03
0.5590 0.1863 4.5982e-03
0.5600 0.1867 4.5976e-03
0.5610 0.1870 4.5971e-03
0.5620 0.1873 4.5965e-03
0.5630 0.1877 4.5960e-03
0.5640 0.1880 4.5954e-03
0.5650 0.1883 4.5949e-03
0.5660 0.1887 4.5943e-03
0.5670 0.1890 4.5937e-03
0.5680 0.1893 4.5932e-03
0.5690 0.1897 4.5926e-03
0.5700 0.1900 4.5920e-03
0.5710 0.1903 4.5915e-03
0.5720 0.1907 4.5909e-03
0.5730 0.1910 4.5903e-03
0.5740 0.1913 4.5898e-03
0.5750 0.1917 4.5892e-03
0.5760 0.1920 4.5886e-03
0.5770 0.1923 4.5881e-03
0.5780 0.1927 4.5875e-03
0.5790 0.1930 4.5869e-03
0.5800 0.1933 4.5863e-03
0.5810 0.1937 4.5858e-03
0.5820 0.1940 4.5852e-03
0.5830 0.1943 4.5846e-03
0.5840 0.1947 4.5840e-03
0.5850 0.1950 4.5835e-03
0.5860 0.1953 4.5829e-03
0.5870 0.1957 4.5823e-03
0.5880 0.1960 4.5817e-03
0.5890 0.1963 4.5811e-03
0.5900 0.1967 4.5805e-03
0.5910 0.1970 4.5800e-03
0.5920 0.1973 4.5794e-03
0.5930 0.1977 4.5788e-03
0.5940 0.1980 4.5782e-03
0.5950 0.1983 4.5776e-03
0.5960 0.1987 4.5770e-03
0.5970 0.1990 4.5764e-03
0.5980 0.1993 4.5758e-03
0.5990 0.1997 4.5752e-03
0.6000 0.2000 4.5747e-03
0.6010 0.2003 4.5741e-03
0.6020 0.2007 4.5735e-03
0.6030 0.2010 4.5729e-03
0.6040 0.2013 4.5723e-03
0.6050 0.2017 4.5717e-03
0.6060 0.2020 4.5711e-03
0.6070 0.2023 4.5705e-03
0.6080 0.2027 4.5699e-03
0.6090 0.2030 4.5693e-03
0.6100 0.2033 4.5687e-03
0.6110 0.2037 4.5680e-03
0.6120 0.2040 4.5674e-03
0.6130 0.2043 4.5668e-03
0.6140 0.2047 4.5662e-03
0.6150 0.2050 4.5656e-03
0.6160 0.2053 4.5650e-03
0.6170 0.2057 4.5644e-03
0.6180 0.2060 4.5638e-03
0.6190 0.2063 4.5632e-03
0.6200 0.2067 4.5626e-03
0.6210 0.2070 4.5619e-03
0.6220 0.2073 4.5613e-03
0.6230 0.2077 4.5607e-03
0.6240 0.2080 4.5601e-03
0.6250 0.2083 4.5595e-03
0.6260 0.2087 4.5589e-03
0.6270 0.2090 4.5582e-03
0.6280 0.2093 4.5576e-03
0.6290 0.2097 4.5570e-03
0.6300 0.2100 4.5564e-03
0.6310 0.2103 4.5557e-03
0.6320 0.2107 4.5551e-03
0.6330 0.2110 4.5545e-03
0.6340 0.2113 4.5539e-03
0.6350 0.2117 4.5532e-03
0.6360 0.2120 4.5526e-03
0.6370 0.2123 4.5520e-03
0.6380 0.2127 4.5513e-03
0.6390 0.2130 4.5507e-03
0.6400 0.2133 4.5501e-03
0.6410 0.2137 4.5494e-03
0.6420 0.2140 4.5488e-03
0.6430 0.2143 4.5482e-03
0.6440 0.2147 4.5475e-03
0.6450 0.2150 4.5469e-03
0.6460 0.2153 4.5462e-03
0.6470 0.2157 4.5456e-03
0.6480 0.2160 4.5450e-03
0.6490 0.2163 4.5443e-03
0.6500 0.2167 4.5437e-03
0.6510 0.2170 4.5430e-03
0.6520 0.2173 4.5424e-03
0.6530 0.2177 4.5417e-03
0.6540 0.2180 4.5411e-03
0.6550 0.2183 4.5404e-03
0.6560 0.2187 4.5398e-03
0.6570 0.2190 4.5391e-03
0.6580 0.2193 4.5385e-03
0.6590 0.2197 4.5378e-03
0.6600 0.2200 4.5372e-03
0.6610 0.2203 4.5365e-03
0.6620 0.2207 4.5359e-03
0.6630 0.2210 4.5352e-03
0.6640 0.2213 4.5346e-03
0.6650 0.2217 4.5339e-03
0.6660 0.2220 4.5332e-03
0.6670 0.2223 4.5326e-03
0.6680 0.2227 4.5319e-03
0.6690 0.2230 4.5313e-03
0.6700 0.2233 4.5306e-03
0.6710 0.2237 4.5299e-03
0.6720 0.2240 4.5293e-03
0.6730 0.2243 4.5286e-03
0.6740 0.2247 4.5279e-03
0.6750 0.2250 4.5273e-03
0.6760 0.2253 4.5266e-03
0.6770 0.2257 4.5259e-03
0.6780 0.2260 4.5253e-03
0.6790 0.2263 4.5246e-03
0.6800 0.2267 4.5239e-03
0.6810 0.2270 4.5232e-03
0.6820 0.2273 4.5226e-03
0.6830 0.2277 4.5219e-03
0.6840 0.2280 4.5212e-03
0.6850 0.2283 4.5205e-03
0.6860 0.2287 4.5198e-03
0.6870 0.2290 4.5192e-03
0.6880 0.2293 4.5185e-03
0.6890 0.2297 4.5178e-03
0.6900 0.2300 4.5171e-03
0.6910 0.2303 4.5164e-03
0.6920 0.2307 4.5157e-03
0.6930 0.2310 4.5151e-03
0.6940 0.2313 4.5144e-03
0.6950 0.2317 4.5137e-03
0.6960 0.2320 4.5130e-03
0.6970 0.2323 4.5123e-03
0.6980 0.2327 4.5116e-03
0.6990 0.2330 4.5109e-03
0.7000 0.2333 4.5102e-03
0.7010 0.2337 4.5095e-03
0.7020 0.2340 4.5088e-03
0.7030 0.2343 4.5081e-03
0.7040 0.2347 4.5074e-03
0.7050 0.2350 4.5067e-03
0.7060 0.2353 4.5060e-03
0.7070 0.2357 4.5053e-03
0.7080 0.2360 4.5046e-03
0.7090 0.2363 4.5039e-03
0.7100 0.2367 4.5032e-03
0.7110 0.2370 4.5025e-03
0.7120 0.2373 4.5018e-03
0.7130 0.2377 4.5011e-03
0.7140 0.2380 4.5004e-03
0.7150 0.2383 4.4997e-03
0.7160 0.2387 4.4990e-03
0.7170 0.2390 4.4983e-03
0.7180 0.2393 4.4976e-03
0.7190 0.2397 4.4969e-03
0.7200 0.2400 4.4962e-03
0.7210 0.2403 4.4954e-03
0.7220 0.2407 4.4947e-03
0.7230 0.2410 4.4940e-03
0.7240 0.2413 4.4933e-03
0.7250 0.2417 4.4926e-03
0.7260 0.2420 4.4919e-03
0.7270 0.2423 4.4911e-03
0.7280 0.2427 4.4904e-03
0.7290 0.2430 4.4897e-03
0.7300 0.2433 4.4890e-03
0.7310 0.2437 4.4882e-03
0.7320 0.2440 4.4875e-03
0.7330 0.2443 4.4868e-03
0.7340 0.2447 4.4861e-03
0.7350 0.2450 4.4853e-03
0.7360 0.2453 4.4846e-03
0.7370 0.2457 4.4839e-03
0.7380 0.2460 4.4832e-03
0.7390 0.2463 4.4824e-03
0.7400 0.2467 4.4817e-03
0.7410 0.2470 4.4810e-03
0.7420 0.2473 4.4802e-03
0.7430 0.2477 4.4795e-03
0.7440 0.2480 4.4787e-03
0.7450 0.2483 4.4780e-03
0.7460 0.2487 4.4773e-03
0.7470 0.2490 4.4765e-03
0.7480 0.2493 4.4758e-03
0.7490 0.2497 4.4750e-03
0.7500 0.2500 4.4743e-03
0.7510 0.2503 4.4736e-03
0.7520 0.2507 4.4728e-03
0.7530 0.2510 4.4721e-03
0.7540 0.2513 4.4713e-03
0.7550 0.2517 4.4706e-03
0.7560 0.2520 4.4698e-03
0.7570 0.2523 4.4691e-03
0.7580 0.2527 4.4683e-03
0.7590 0.2530 4.4676e-03
0.7600 0.2533 4.4668e-03
0.7610 0.2537 4.4661e-03
0.7620 0.2540 4.4653e-03
0.7630 0.2543 4.4646e-03
0.7640 0.2547 4.4638e-03
0.7650 0.2550 4.4630e-03
0.7660 0.2553 4.4623e-03
0.7670 0.2557 4.4615e-03
0.7680 0.2560 4.4608e-03
0.7690 0.2563 4.4600e-03
0.7700 0.2567 4.4592e-03
0.7710 0.2570 4.4585e-03
0.7720 0.2573 4.4577e-03
0.7730 0.2577 4.4569e-03
0.7740 0.2580 4.4562e-03
0.7750 0.2583 4.4554e-03
0.7760 0.2587 4.4546e-03
0.7770 0.2590 4.4539e-03
0.7780 0.2593 4.4531e-03
0.7790 0.2597 4.4523e-03
0.7800 0.2600 4.4516e-03
0.7810 0.2603 4.4508e-03
0.7820 0.2607 4.4500e-03
0.7830 0.2610 4.4492e-03
0.7840 0.2613 4.4485e-03
0.7850 0.2617 4.4477e-03
0.7860 0.2620 4.4469e-03
0.7870 0.2623 4.4461e-03
0.7880 0.2627 4.4453e-03
0.7890 0.2630 4.4446e-03
0.7900 0.2633 4.4438e-03
0.7910 0.2637 4.4430e-03
0.7920 0.2640 4.4422e-03
0.7930 0.2643 4.4414e-03
0.7940 0.2647 4.4406e-03
0.7950 0.2650 4.4398e-03
0.7960 0.2653 4.4391e-03
0.7970 0.2657 4.4383e-03
0.7980 0.2660 4.4375e-03
0.7990 0.2663 4.4367e-03
0.8000 0.2667 4.4359e-03
0.8010 0.2670 4.4351e-03
0.8020 0.2673 4.4343e-03
0.8030 0.2677 4.4335e-03
0.8040 0.2680 4.4327e-03
0.8050 0.2683 4.4319e-03
0.8060 0.2687 4.4311e-03
0.8070 0.2690 4.4303e-03
0.8080 0.2693 4.4295e-03
0.8090 0.2697 4.4287e-03
0.8100 0.2700 4.4279e-03
0.8110 0.2703 4.4271e-03
0.8120 0.2707 4.4263e-03
0.8130 0.2710 4.4255e-03
0.8140 0.2713 4.4247e-03
0.8150 0.2717 4.4239e-03
0.8160 0.2720 4.4231e-03
0.8170 0.2723 4.4223e-03
0.8180 0.2727 4.4215e-03
0.8190 0.2730 4.4207e-03
0.8200 0.2733 4.4198e-03
0.8210 0.2737 4.4190e-03
0.8220 0.2740 4.4182e-03
0.8230 0.2743 4.4174e-03
0.8240 0.2747 4.4166e-03
0.8250 0.2750 4.4158e-03
0.8260 0.2753 4.4149e-03
0.8270 0.2757 4.4141e-03
0.8280 0.2760 4.4133e-03
0.8290 0.2763 4.4125e-03
0.8300 0.2767 4.4117e-03
0.8310 0.2770 4.4108e-03
0.8320 0.2773 4.4100e-03
0.8330 0.2777 4.4092e-03
0.8340 0.2780 4.4084e-03
0.8350 0.2783 4.4075e-03
0.8360 0.2787 4.4067e-03
0.8370 0.2790 4.4059e-03
0.8380 0.2793 4.4051e-03
0.8390 0.2797 4.4042e-03
0.8400 0.2800 4.4034e-03
0.8410 0.2803 4.4026e-03
0.8420 0.2807 4.4017e-03
0.8430 0.2810 4.4009e-03
0.8440 0.2813 4.4000e-03
0.8450 0.2817 4.3992e-03
0.8460 0.2820 4.3984e-03
0.8470 0.2823 4.3975e-03
0.8480 0.2827 4.3967e-03
0.8490 0.2830 4.3959e-03
0.8500 0.2833 4.3950e-03
0.8510 0.2837 4.3942e-03
0.8520 0.2840 4.3933e-03
0.8530 0.2843 4.3925e-03
0.8540 0.2847 4.3916e-03
0.8550 0.2850 4.3908e-03
0.8560 0.2853 4.3899e-03
0.8570 0.2857 4.3891e-03
0.8580 0.2860 4.3882e-03
0.8590 0.2863 4.3874e-03
0.8600 0.2867 4.3865e-03
0.8610 0.2870 4.3857e-03
0.8620 0.2873 4.3848e-03
0.8630 0.2877 4.3840e-03
0.8640 0.2880 4.3831e-03
0.8650 0.2883 4.3823e-03
0.8660 0.2887 4.3814e-03
0.8670 0.2890 4.3805e-03
0.8680 0.2893 4.3797e-03
0.8690 0.2897 4.3788e-03
0.8700 0.2900 4.3780e-03
0.8710 0.2903 4.3771e-03
0.8720 0.2907 4.3762e-03
0.8730 0.2910 4.3754e-03
0.8740 0.2913 4.3745e-03
0.8750 0.2917 4.3736e-03
0.8760 0.2920 4.3728e-03
0.8770 0.2923 4.3719e-03
0.8780 0.2927 4.3710e-03
0.8790 0.2930 4.3702e-03
0.8800 0.2933 4.3693e-03
0.8810 0.2937 4.3684e-03
0.8820 0.2940 4.3675e-03
0.8830 0.2943 4.3667e-03
0.8840 0.2947 4.3658e-03
0.8850 0.2950 4.3649e-03
0.8860 0.2953 4.3640e-03
0.8870 0.2957 4.3632e-03
0.8880 0.2960 4.3623e-03
0.8890 0.2963 4.3614e-03
0.8900 0.2967 4.3605e-03
0.8910 0.2970 4.3596e-03
0.8920 0.2973 4.3588e-03
0.8930 0.2977 4.3579e-03
0.8940 0.2980 4.3570e-03
0.8950 0.2983 4.3561e-03
0.8960 0.2987 4.3552e-03
0.8970 0.2990 4.3543e-03
0.8980 0.2993 4.3534e-03
0.8990 0.2997 4.3525e-03
0.9000 0.3000 4.3517e-03
0.9010 0.3003 4.3508e-03
0.9020 0.3007 4.3499e-03
0.9030 0.3010 4.3490e-03
0.9040 0.3013 4.3481e-03
0.9050 0.3017 4.3472e-03
0.9060 0.3020 4.3463e-03
0.9070 0.3023 4.3454e-03
0.9080 0.3027 4.3445e-03
0.9090 0.3030 4.3436e-03
0.9100 0.3033 4.3427e-03
0.9110 0.3037 4.3418e-03
0.9120 0.3040 4.3409e-03
0.9130 0.3043 4.3400e-03
0.9140 0.3047 4.3391e-03
0.9150 0.3050 4.3382e-03
0.9160 0.3053 4.3373e-03
0.9170 0.3057 4.3363e-03
0.9180 0.3060 4.3354e-03
0.9190 0.3063 4.3345e-03
0.9200 0.3067 4.3336e-03
0.9210 0.3070 4.3327e-03
0.9220 0.3073 4.3318e-03
0.9230 0.3077 4.3309e-03
0.9240 0.3080 4.3300e-03
0.9250 0.3083 4.3290e-03
0.9260 0.3087 4.3281e-03
0.9270 0.3090 4.3272e-03
0.9280 0.3093 4.3263e-03
0.9290 0.3097 4.3254e-03
0.9300 0.3100 4.3244e-03
0.9310 0.3103 4.3235e-03
0.9320 0.3107 4.3226e-03
0.9330 0.3110 4.3217e-03
0.9340 0.3113 4.3208e-03
0.9350 0.3117 4.3198e-03
0.9360 0.3120 4.3189e-03
0.9370 0.3123 4.3180e-03
0.9380 0.3127 4.3170e-03
0.9390 0.3130 4.3161e-03
0.9400 0.3133 4.3152e-03
0.9410 0.3137 4.3142e-03
0.9420 0.3140 4.3133e-03
0.9430 0.3143 4.3124e-03
0.9440 0.3147 4.3114e-03
0.9450 0.3150 4.3105e-03
0.9460 0.3153 4.3096e-03
0.9470 0.3157 4.3086e-03
0.9480 0.3160 4.3077e-03
0.9490 0.3163 4.3068e-03
0.9500 0.3167 4.3058e-03
0.9510 0.3170 4.3049e-03
0.9520 0.3173 4.3039e-03
0.9530 0.3177 4.3030e-03
0.9540 0.3180 4.3020e-03
0.9550 0.3183 4.3011e-03
0.9560 0.3187 4.3001e-03
0.9570 0.3190 4.2992e-03
0.9580 0.3193 4.2982e-03
0.9590 0.3197 4.2973e-03
0.9600 0.3200 4.2963e-03
0.9610 0.3203 4.2954e-03
0.9620 0.3207 4.2944e-03
0.9630 0.3210 4.2935e-03
0.9640 0.3213 4.2925e-03
0.9650 0.3217 4.2916e-03
0.9660 0.3220 4.2906e-03
0.9670 0.3223 4.2897e-03
0.9680 0.3227 4.2887e-03
0.9690 0.3230 4.2877e-03
0.9700 0.3233 4.2868e-03
0.9710 0.3237 4.2858e-03
0.9720 0.3240 4.2849e-03
0.9730 0.3243 4.2839e-03
0.9740 0.3247 4.2829e-03
0.9750 0.3250 4.2820e-03
0.9760 0.3253 4.2810e-03
0.9770 0.3257 4.2800e-03
0.9780 0.3260 4.2791e-03
0.9790 0.3263 4.2781e-03
0.9800 0.3267 4.2771e-03
0.9810 0.3270 4.2761e-03
0.9820 0.3273 4.2752e-03
0.9830 0.3277 4.2742e-03
0.9840 0.3280 4.2732e-03
0.9850 0.3283 4.2723e-03
0.9860 0.3287 4.2713e-03
0.9870 0.3290 4.2703e-03
0.9880 0.3293 4.2693e-03
0.9890 0.3297 4.2683e-03
0.9900 0.3300 4.2674e-03
0.9910 0.3303 4.2664e-03
0.9920 0.3307 4.2654e-03
0.9930 0.3310 4.2644e-03
0.9940 0.3313 4.2634e-03
0.9950 0.3317 4.2624e-03
0.9960 0.3320 4.2615e-03
0.9970 0.3323 4.2605e-03
0.9980 0.3327 4.2595e-03
0.9990 0.3330 4.2585e-03
1.0000 0.3333 4.2575e-03
1.0100 0.3367 4.2475e-03
1.0200 0.3400 4.2375e-03
1.0300 0.3433 4.2273e-03
1.0400 0.3467 4.2171e-03
1.0500 0.3500 4.2067e-03
1.0600 0.3533 4.1962e-03
1.0700 0.3567 4.1857e-03
1.0800 0.3600 4.1750e-03
1.0900 0.3633 4.1643e-03
1.1000 0.3667 4.1534e-03
1.1100 0.3700 4.1425e-03
1.1200 0.3733 4.1314e-03
1.1300 0.3767 4.1203e-03
1.1400 0.3800 4.1090e-03
1.1500 0.3833 4.0977e-03
1.1600 0.3867 4.0862e-03
1.1700 0.3900 4.0747e-03
1.1800 0.3933 4.0630e-03
1.1900 0.3967 4.0513e-03
1.2000 0.4000 4.0395e-03
1.2100 0.4033 4.0275e-03
1.2200 0.4067 4.0155e-03
1.2300 0.4100 4.0033e-03
1.2400 0.4133 3.9911e-03
1.2500 0.4167 3.9787e-03
1.2600 0.4200 3.9663e-03
1.2700 0.4233 3.9538e-03
1.2800 0.4267 3.9411e-03
1.2900 0.4300 3.9284e-03
1.3000 0.4333 3.9156e-03
1.3100 0.4367 3.9026e-03
1.3200 0.4400 3.8896e-03
1.3300 0.4433 3.8765e-03
1.3400 0.4467 3.8632e-03
1.3500 0.4500 3.8499e-03
1.3600 0.4533 3.8365e-03
1.3700 0.4567 3.8229e-03
1.3800 0.4600 3.8093e-03
1.3900 0.4633 3.7956e-03
1.4000 0.4667 3.7818e-03
1.4100 0.4700 3.7678e-03
1.4200 0.4733 3.7538e-03
1.4300 0.4767 3.7397e-03
1.4400 0.4800 3.7255e-03
1.4500 0.4833 3.7112e-03
1.4600 0.4867 3.6967e-03
1.4700 0.4900 3.6822e-03
1.4800 0.4933 3.6676e-03
1.4900 0.4967 3.6529e-03
1.5000 0.5000 3.6381e-03
1.5100 0.5033 3.6231e-03
1.5200 0.5067 3.6081e-03
1.5300 0.5100 3.5930e-03
1.5400 0.5133 3.5778e-03
1.5500 0.5167 3.5625e-03
1.5600 0.5200 3.5471e-03
1.5700 0.5233 3.5316e-03
1.5800 0.5267 3.5160e-03
1.5900 0.5300 3.5002e-03
1.6000 0.5333 3.4844e-03
1.6100 0.5367 3.4685e-03
1.6200 0.5400 3.4525e-03
1.6300 0.5433 3.4364e-03
1.6400 0.5467 3.4202e-03
1.6500 0.5500 3.4039e-03
1.6600 0.5533 3.3875e-03
1.6700 0.5567 3.3710e-03
1.6800 0.5600 3.3544e-03
1.6900 0.5633 3.3377e-03
1.7000 0.5667 3.3209e-03
1.7100 0.5700 3.3040e-03
1.7200 0.5733 3.2870e-03
1.7300 0.5767 3.2699e-03
1.7400 0.5800 3.2527e-03
1.7500 0.5833 3.2354e-03
1.7600 0.5867 3.2180e-03
1.7700 0.5900 3.2005e-03
1.7800 0.5933 3.1829e-03
1.7900 0.5967 3.1652e-03
1.8000 0.6000 3.1475e-03
1.8100 0.6033 3.1296e-03
1.8200 0.6067 3.1116e-03
1.8300 0.6100 3.0935e-03
1.8400 0.6133 3.0753e-03
1.8500 0.6167 3.0570e-03
1.8600 0.6200 3.0386e-03
1.8700 0.6233 3.0202e-03
1.8800 0.6267 3.0016e-03
1.8900 0.6300 2.9829e-03
1.9000 0.6333 2.9641e-03
1.9100 0.6367 2.9452e-03
1.9200 0.6400 2.9262e-03
1.9300 0.6433 2.9072e-03
1.9400 0.6467 2.8880e-03
1.9500 0.6500 2.8687e-03
1.9600 0.6533 2.8493e-03
1.9700 0.6567 2.8299e-03
1.9800 0.6600 2.8103e-03
1.9900 0.6633 2.7906e-03
2.0000 0.6667 2.7708e-03
2.0100 0.6700 2.7510e-03
2.0200 0.6733 2.7310e-03
2.0300 0.6767 2.7109e-03
2.0400 0.6800 2.6908e-03
2.0500 0.6833 2.6705e-03
2.0600 0.6867 2.6501e-03
2.0700 0.6900 2.6297e-03
2.0800 0.6933 2.6091e-03
2.0900 0.6967 2.5884e-03
2.1000 0.7000 2.5677e-03
2.1100 0.7033 2.5468e-03
2.1200 0.7067 2.5258e-03
2.1300 0.7100 2.5048e-03
2.1400 0.7133 2.4836e-03
2.1500 0.7167 2.4624e-03
2.1600 0.7200 2.4410e-03
2.1700 0.7233 2.4195e-03
2.1800 0.7267 2.3980e-03
2.1900 0.7300 2.3763e-03
2.2000 0.7333 2.3546e-03
2.2100 0.7367 2.3327e-03
2.2200 0.7400 2.3108e-03
2.2300 0.7433 2.2887e-03
2.2400 0.7467 2.2666e-03
2.2500 0.7500 2.2443e-03
2.2600 0.7533 2.2220e-03
2.2700 0.7567 2.1995e-03
2.2800 0.7600 2.1770e-03
2.2900 0.7633 2.1543e-03
2.3000 0.7667 2.1316e-03
2.3100 0.7700 2.1087e-03
2.3200 0.7733 2.0858e-03
2.3300 0.7767 2.0627e-03
2.3400 0.7800 2.0396e-03
2.3500 0.7833 2.0164e-03
2.3600 0.7867 1.9930e-03
2.3700 0.7900 1.9696e-03
2.3800 0.7933 1.9460e-03
2.3900 0.7967 1.9224e-03
2.4000 0.8000 1.8987e-03
2.4100 0.8033 1.8748e-03
2.4200 0.8067 1.8509e-03
2.4300 0.8100 1.8269e-03
2.4400 0.8133 1.8027e-03
2.4500 0.8167 1.7785e-03
2.4600 0.8200 1.7542e-03
2.4700 0.8233 1.7297e-03
2.4800 0.8267 1.7052e-03
2.4900 0.8300 1.6806e-03
2.5000 0.8333 1.6558e-03
2.5100 0.8367 1.6310e-03
2.5200 0.8400 1.6061e-03
2.5300 0.8433 1.5811e-03
2.5400 0.8467 1.5559e-03
2.5500 0.8500 1.5307e-03
2.5600 0.8533 1.5054e-03
2.5700 0.8567 1.4800e-03
2.5800 0.8600 1.4545e-03
2.5900 0.8633 1.4288e-03
2.6000 0.8667 1.4031e-03
2.6100 0.8700 1.3773e-03
2.6200 0.8733 1.3514e-03
2.6300 0.8767 1.3254e-03
2.6400 0.8800 1.2992e-03
2.6500 0.8833 1.2730e-03
2.6600 0.8867 1.2467e-03
2.6700 0.8900 1.2203e-03
2.6800 0.8933 1.1938e-03
2.6900 0.8967 1.1672e-03
2.7000 0.9000 1.1405e-03
2.7100 0.9033 1.1137e-03
2.7200 0.9067 1.0868e-03
2.7300 0.9100 1.0597e-03
2.7400 0.9133 1.0326e-03
2.7500 0.9167 1.0054e-03
2.7600 0.9200 9.7813e-04
2.7700 0.9233 9.5072e-04
2.7800 0.9267 9.2322e-04
2.7900 0.9300 8.9562e-04
2.8000 0.9333 8.6792e-04
2.8100 0.9367 8.4012e-04
2.8200 0.9400 8.1222e-04
2.8300 0.9433 7.8422e-04
2.8400 0.9467 7.5612e-04
2.8500 0.9500 7.2792e-04
2.8600 0.9533 6.9963e-04
2.8700 0.9567 6.7123e-04
2.8800 0.9600 6.4274e-04
2.8900 0.9633 6.1414e-04
2.9000 0.9667 5.8545e-04
2.9100 0.9700 5.5666e-04
2.9200 0.9733 5.2777e-04
2.9300 0.9767 4.9878e-04
2.9400 0.9800 4.6969e-04
2.9500 0.9833 4.4050e-04
2.9600 0.9867 4.1121e-04
2.9700 0.9900 3.8183e-04
2.9800 0.9933 3.5234e-04
2.9900 0.9967 3.2276e-04
3.0000 1.0000 2.9307e-04
3.0100 1.0033 2.6329e-04
3.0200 1.0067 2.3341e-04
3.0300 1.0100 2.0343e-04
3.0400 1.0133 1.7335e-04
3.0500 1.0167 1.4317e-04
3.0600 1.0200 1.1289e-04
3.0700 1.0233 8.2514e-05
3.0800 1.0267 5.2038e-05
3.0900 1.0300 2.1462e-05
3.1000 1.0333 9.2128e-06
3.1100 1.0367 3.9987e-05
3.1200 1.0400 7.0860e-05
3.1300 1.0433 1.0183e-04
3.1400 1.0467 1.3290e-04
3.1500 1.0500 1.6407e-04
3.1600 1.0533 1.9534e-04
3.1700 1.0567 2.2671e-04
3.1800 1.0600 2.5818e-04
3.1900 1.0633 2.8975e-04
3.2000 1.0667 3.2141e-04
3.2100 1.0700 3.5318e-04
3.2200 1.0733 3.8504e-04
3.2300 1.0767 4.1700e-04
3.2400 1.0800 4.4907e-04
3.2500 1.0833 4.8123e-04
3.2600 1.0867 5.1349e-04
3.2700 1.0900 5.4585e-04
3.2800 1.0933 5.7831e-04
3.2900 1.0967 6.1086e-04
3.3000 1.1000 6.4352e-04
3.3100 1.1033 6.7628e-04
3.3200 1.1067 7.0913e-04
3.3300 1.1100 7.4209e-04
3.3400 1.1133 7.7514e-04
3.3500 1.1167 8.0829e-04
3.3600 1.1200 8.4154e-04
3.3700 1.1233 8.7489e-04
3.3800 1.1267 9.0834e-04
3.3900 1.1300 9.4189e-04
3.4000 1.1333 9.7554e-04
3.4100 1.1367 1.0093e-03
3.4200 1.1400 1.0431e-03
3.4300 1.1433 1.0771e-03
3.4400 1.1467 1.1111e-03
3.4500 1.1500 1.1453e-03
3.4600 1.1533 1.1795e-03
3.4700 1.1567 1.2139e-03
3.4800 1.1600 1.2483e-03
3.4900 1.1633 1.2828e-03
3.5000 1.1667 1.3175e-03
3.5100 1.1700 1.3522e-03
3.5200 1.1733 1.3870e-03
3.5300 1.1767 1.4220e-03
3.5400 1.1800 1.4570e-03
3.5500 1.1833 1.4922e-03
3.5600 1.1867 1.5274e-03
3.5700 1.1900 1.5627e-03
3.5800 1.1933 1.5982e-03
3.5900 1.1967 1.6337e-03
3.6000 1.2000 1.6693e-03
3.6100 1.2033 1.7050e-03
3.6200 1.2067 1.7409e-03
3.6300 1.2100 1.7768e-03
3.6400 1.2133 1.8128e-03
3.6500 1.2167 1.8490e-03
3.6600 1.2200 1.8852e-03
3.6700 1.2233 1.9215e-03
3.6800 1.2267 1.9579e-03
3.6900 1.2300 1.9944e-03
3.7000 1.2333 2.0311e-03
3.7100 1.2367 2.0678e-03
3.7200 1.2400 2.1046e-03
3.7300 1.2433 2.1415e-03
3.7400 1.2467 2.1785e-03
3.7500 1.2500 2.2157e-03
3.7600 1.2533 2.2529e-03
3.7700 1.2567 2.2902e-03
3.7800 1.2600 2.3276e-03
3.7900 1.2633 2.3651e-03
3.8000 1.2667 2.4027e-03
3.8100 1.2700 2.4404e-03
3.8200 1.2733 2.4783e-03
3.8300 1.2767 2.5162e-03
3.8400 1.2800 2.5542e-03
3.8500 1.2833 2.5923e-03
3.8600 1.2867 2.6305e-03
3.8700 1.2900 2.6688e-03
3.8800 1.2933 2.7072e-03
3.8900 1.2967 2.7457e-03
3.9000 1.3000 2.7843e-03
3.9100 1.3033 2.8230e-03
3.9200 1.3067 2.8618e-03
3.9300 1.3100 2.9007e-03
3.9400 1.3133 2.9397e-03
3.9500 1.3167 2.9788e-03
3.9600 1.3200 3.0180e-03
3.9700 1.3233 3.0573e-03
3.9800 1.3267 3.0967e-03
3.9900 1.3300 3.1362e-03
