m
146.558,372.935
0.639,-122.326
1.668,4.96
1.625,1.169
1.582,-5.144
1.544,-1.11
1.507,-1.016
1.471,-2.749
1.437,-2.937
1.404,-4.673
1.374,-4.629
1.343,-3.184
1.315,0.371
1.287,-0.646
1.262,2.494
1.236,6.051
1.211,5.168
1.188,3.86
1.166,1.856
1.144,0.767
1.124,0.8
1.104,2.028
1.089,1.514
1.076,-6.788
1.063,-5.986
1.049,-10.231
1.036,-10.77
1.024,-7.558
1.012,-6.744
1,-1.095
0.989,5.135
0.978,2.146
0.967,2.078
0.956,-3.119
0.946,1.836
0.936,6.343
0.926,3.604
0.916,3.59
0.908,0.628
0.898,4.308
0.888,3.558
0.878,3.107
0.867,0.945
0.858,-2.735
0.847,0.012
0.838,-1.746
0.829,-2.288
0.819,1.293
0.811,2.821
0.802,-3.133
0.793,-1.295
0.785,-7.892
0.777,-8.02
0.769,-15.56
0.761,-10.037
0.754,-6.094
0.746,-2.088
0.739,2.854
0.728,2.538
0.717,2.619
0.706,5.021
0.695,7.736
0.685,-3.483
0.674,0.734
0.664,4.432
0.655,2.059
0.645,6.017
0.635,8.392
0.627,5.6
0.618,2.077
0.609,1.15
0.601,-0.444
0.592,-0.74
0.585,0.283
0.576,2.547
0.569,0.787
0.562,-1.666
0.556,-3.357
0.55,-6.912
0.545,-10.548
0.538,-4.115
0.533,-3.921
0.528,-1.052
0.522,-0.107
0.517,2.251
0.512,-1.897
0.506,3.077
0.502,-1.646
0.497,-1.001
0.491,2.183
0.487,5.808
0.483,2.596
0.477,1.986
0.474,0.407
0.469,1.465
0.465,-9.207
0.464,-4.038
0.465,-2.281
0.464,-2.245
0.464,0.78
0.464,-1.457
0.463,-2.988
0.463,0.934
0.463,3.209
0.462,9.512
0.462,11.263
0.462,12.894
0.462,7.531
0.461,1.234
0.461,-2.823
0.461,-5.767
0.46,-2.823
0.46,-0.729
0.46,-6.645
0.458,-10.499
0.451,-13.511
0.447,-14.212
0.441,-7.583
0.436,-2.609
0.431,2.194
0.426,1.592
0.421,6.68
0.416,9.496
0.411,7.575
0.407,-0.431
0.402,-0.984
0.398,-2.542
0.394,0.42
0.389,1.471
0.384,4.586
0.381,0.922
0.377,4.356
0.372,7.394
0.372,5.006
0.37,4.597
0.37,1.048
0.368,-2.837
0.366,-6.012
0.366,-7.843
0.364,-8.563
0.364,-3.935
0.362,2.732
0.361,6.053
0.36,5.767
0.359,5.248
0.357,2.413
0.357,-1.217
0.355,0.626
0.355,-2.418
0.353,-8.069
0.353,-6.179
0.351,-10.777
0.349,-12.378
0.348,-7.421
0.347,-2.523
0.345,0.282
0.344,3.145
0.342,2.042
0.341,2.812
0.34,3.153
0.338,4.33
0.337,6.189
0.335,4.756
0.335,1.879
0.332,0.482
0.332,-0.336
0.33,-2.283
0.329,-4.294
0.327,-3.371
0.326,-3.395
0.325,0.382
0.324,1.221
0.322,3.308
0.322,2.002
0.32,0.021
0.319,-1.424
0.318,-1.35
0.316,1.329
0.315,1.381
0.315,-2.7
0.312,-3.971
0.312,-4.712
0.311,-3.44
0.31,-0.771
0.308,1.052
0.307,3.391
0.306,4.968
0.306,5.301
0.304,8.385
0.303,6.009
0.302,5.002
0.3,3.925
0.3,1.359
0.299,-1.428
0.298,-2.055
0.296,-2.705
0.296,-4.529
0.295,-2.209
0.294,-2.695
0.292,-1.27
0.292,-2.411
0.291,-1.211
0.29,1.252
0.289,3.641
0.287,6.371
0.287,4.429
0.286,2.425
0.285,-0.883
0.284,-3.011
0.284,-2.343
0.282,1.34
0.281,0.105
0.281,-1.288
0.279,-2.964
0.279,-4.005
0.278,-2.53
0.277,0.832
0.276,1.648
0.276,-0.059
0.274,-2.999
0.274,-6.598
0.272,-6.517
0.272,-6.094
0.271,-7.16
0.27,-5.883
0.27,-2.705
0.269,-0.706
0.267,2.159
0.267,4.121
0.267,3.904
0.265,4.812
0.265,6.374
0.264,6.813
0.263,4.834
0.262,1.214
0.262,-5.866
0.261,-10.063
0.26,-9.43
0.259,-0.895
0.259,5.586
0.258,8.348
0.257,6.875
0.257,0.043
0.255,-0.224
0.255,0.727
0.255,4.322
0.253,6.027
0.253,6.161
0.252,4.556
0.252,1.149
0.251,-2.324
0.25,-3.581
0.249,-4.113
0.249,-2.466
0.248,-5.265
0.248,-7.253
0.246,-5.026
0.247,-3.093
0.245,-3.625
0.245,-3.854
0.244,-2.018
0.244,-2.43
0.243,1
0.242,1.646
0.242,1.496
0.241,4.066
0.24,3.413
0.24,5.797
0.239,6.934
0.239,6.797
0.238,6.589
0.238,5.208
0.236,4.326
0.236,1.073
0.236,-0.171
0.235,-2.308
0.235,-2.017
0.233,-1.258
0.234,-0.053
0.233,-0.091
0.232,-0.181
0.231,-5.094
0.231,-5.423
0.231,-5.694
0.23,-6.986
0.229,-4.416
0.229,-2.978
0.228,-1.369
0.228,-0.715
0.227,-3.091
0.227,-3.094
0.226,-1.21
0.226,-1.405
0.225,-1.439
0.224,-1.861
0.225,-1.619
0.223,-1.148
0.223,1.138
0.223,5.073
0.222,6.687
0.221,9.546
0.221,3.726
0.221,-3.31
0.22,-7.648
0.219,-4.642
0.219,0.749
0.219,4.023
0.218,3.889
0.217,2.653
0.218,1.232
0.216,-0.069
0.216,0.538
0.216,2.555
0.215,4.01
0.215,1.46
0.214,2.579
0.214,4.411
0.213,5.009
0.213,2.552
0.212,-0.784
0.212,-3.084
0.211,-3.669
0.21,-3.341
0.21,-0.96
0.209,-0.061
0.208,-1.301
0.208,-3.328
0.208,-3.982
0.206,-0.362
0.207,1.625
0.205,6.451
0.205,5.407
0.204,2.784
0.204,-2.822
0.203,-3.726
0.023,-33.474
0.009,-5.588
0.01,-5.222
0.011,-2.074
0.011,-2.12
0.011,-0.362
0.013,0.389
0.013,2.372
0.013,3.449
0.015,3.088
0.015,2.241
0.015,0.393
0.016,-1.751
0.017,-2.333
0.017,-3.048
0.018,-1.384
0.018,1.476
0.019,6.203
0.019,8.041
0.02,7.478
0.02,4.693
0.021,3.004
0.021,1.925
0.021,0.522
0.022,-1.784
0.022,-4.048
0.023,-5.494
0.023,-4.62
0.023,-1.621
0.024,0.724
0.024,1.481
0.024,1.288
0.025,1.181
0.025,-0.135
0.025,0.006
0.026,-0.855
0.025,-2.411
0.026,-3.219
0.027,-3.196
0.026,-3.409
0.027,-3.496
0.027,-3.265
0.028,-1.784
0.027,-0.908
0.028,-0.425
0.028,-2.777
0.029,-4.434
0.029,-4.878
0.029,-2.423
0.029,0.652
0.029,4.901
0.03,6.616
0.03,2.032
0.03,0.764
0.03,-0.624
0.031,-1.162
0.031,-1.189
0.031,0.491
0.031,-1.588
0.032,2.207
0.031,4.899
0.032,7.484
0.032,3.588
0.032,-0.219
0.033,-3.659
0.033,-6.417
0.033,-5.378
0.033,-0.514
0.034,3.334
0.034,5.827
0.035,6.482
0.034,-0.045
0.035,4.589
0.035,7.346
0.035,2.135
0.036,-2.031
0.036,-4.7
0.036,-7.174
0.037,-12.256
0.037,-2.979
0.037,-3.298
0.037,0.606
0.038,4.891
0.038,8.775
0.038,7.259
0.039,4.654
0.039,0.344
0.039,3.789
0.04,-4.738
0.04,0.408
0.04,-4.716
0.04,-6.444
0.041,-7.481
0.041,-9.734
0.042,-2.811
0.041,-4.546
0.042,2.569
0.042,1.743
0.043,6.719
0.042,5.716
0.043,8.807
0.043,-0.434
0.044,2.516
0.043,-6.177
0.044,-0.793
0.044,-6.949
0.044,-0.335
0.045,-3.741
0.044,2.809
0.045,3.931
0.045,9.725
0.046,3.453
0.045,5.412
0.046,-5.959
0.046,-0.057
0.046,-7.057
0.046,1.122
0.047,-2.573
0.047,4.312
0.046,-3.458
0.048,1.865
0.047,-6.145
0.047,1.555
0.048,-0.585
0.048,10.67
0.048,9.65
0.048,11.304
0.048,1.247
0.049,1.842
0.049,-10.12
0.049,-4.529
0.049,-13.994
0.049,-2.384
0.049,-7.873
0.05,4.301
0.05,3.862
0.05,5.637
0.05,-0.363
0.05,4.561
0.051,-3.737
0.05,4.749
0.051,-0.105
0.051,5.887
0.051,-0.36
0.051,-5.174
0.051,-7.426
0.052,-6.094
0.052,-1.3
0.051,1.611
0.052,5.057
0.052,6.284
0.053,3.842
0.052,3.471
0.052,-0.85
0.053,5.775
0.053,-7.236
0.053,2.317
0.053,-3.133
0.053,-0.843
0.053,-1.706
0.054,-6.922
0.054,3.808
0.053,-4.472
0.054,5.527
0.055,2.051
0.054,2.986
0.054,0.806
0.055,-1.381
0.054,-6.004
0.055,-7.821
0.055,-5.06
0.056,-1.487
0.055,1.604
0.055,3.813
0.056,2.654
0.055,1.415
0.056,1.724
0.056,5.031
0.056,4.987
0.056,4.442
0.057,0.731
0.056,-1.552
0.057,-3.962
0.057,-5.186
0.056,-4.368
0.057,0.252
0.058,1.477
0.057,2.979
0.057,2.04
0.057,3.415
0.058,5.241
0.058,5.355
0.058,6.199
0.057,4.299
0.058,1.961
0.059,-2.156
0.058,-4.958
0.058,-6.805
0.059,-6.922
0.058,-5.913
0.059,-4.47
0.059,-4.288
0.058,-3.495
0.059,-1.127
0.06,0.11
0.059,2.594
0.059,4.04
0.059,6.122
0.06,6.766
0.059,2.238
0.06,-0.96
0.06,-2.502
0.059,-2.286
0.06,-0.858
0.06,-0.023
0.06,1.175
0.061,-0.501
0.06,1.026
0.061,-1.573
0.06,-0.487
0.06,-1.018
0.061,-1.556
0.061,-2.362
0.06,-3.926
0.061,-4.642
0.061,-3.781
0.061,-2.955
0.061,1.573
0.062,4.173
0.061,7.028
0.061,7.652
0.061,7.773
0.062,1.054
0.061,-2.562
0.062,-3.593
0.062,-0.924
0.061,0.625
0.062,-1.768
0.062,0.774
0.062,2.016
0.062,2.878
0.062,6.599
0.062,6.579
0.062,3.357
0.063,-1.014
0.062,-3.946
0.062,-6.687
0.063,-4.172
0.062,-2.024
0.063,-3.985
0.062,-5.256
0.063,-5.401
0.063,-5.416
0.063,-2.118
0.063,-2.264
0.063,-2.038
0.062,0.347
0.064,1.297
0.063,3.28
0.063,4.086
0.064,2.09
0.063,0.191
0.063,0.317
0.064,-1.007
0.064,0.03
0.063,1.375
0.064,4.12
0.064,4.238
0.064,4.432
0.064,1.19
0.064,-0.645
0.064,-1.951
0.064,-2.087
0.064,-2.006
0.065,-0.108
0.064,0.768
0.064,1.405
0.065,0.917
0.064,0.711
0.065,0.845
0.065,0.29
0.064,1.489
0.065,2.299
0.065,2.111
0.064,-1.132
0.065,-3.633
0.065,-6.002
0.065,-5.576
0.065,-2.728
0.065,0.319
0.065,3.111
0.066,3.816
0.065,4.67
0.065,3.099
0.066,4.755
0.065,4.593
0.065,3.733
0.066,2.879
0.065,1.578
0.066,-0.051
0.065,-2.951
0.066,-5.723
0.066,-7.06
0.066,-6.154
0.065,-3.234
0.066,-0.272
0.066,2.141
0.066,3.112
0.066,0.84
0.066,-2.161
0.066,-3.232
0.066,-1.396
0.066,-1.016
0.066,-0.655
0.066,10e-4
0.066,-1.241
0.066,-4.656
0.067,-1.055
0.066,0.424
0.066,1.683
0.067,3.674
0.066,3.706
0.066,2.284
0.067,2.257
0.066,0.535
0.067,-1.559
0.066,-3.897
0.067,-5.802
0.066,-4.33
0.067,0.222
0.066,2.57
0.067,3.628
0.067,4.407
0.066,3.761
0.067,2.906
0.067,4.011
0.066,2.655
0.067,6.356
0.067,2.113
0.067,1.118
0.067,-1.08
0.067,-4.689
0.067,-4.992
0.066,-3.925
0.067,-3.337
0.067,-3.673
0.067,-0.87
0.067,1.645
0.067,1.303
0.067,0.241
0.067,-2.868
0.067,-0.963
0.067,1.624
0.067,2.687
0.067,0.533
0.067,-0.1
0.067,0.237
0.068,-3.585
0.067,-2.135
0.067,-0.85
0.067,1.598
0.067,3.342
0.068,2.775
0.067,1.002
0.067,0.962
0.067,1.596
0.067,0.514
0.067,-2.438
0.068,-3.564
0.067,-3.492
0.067,-1.847
0.068,2.052
0.067,3.508
0.067,0.398
0.067,-2.997
0.067,-5.62
0.068,-4.978
0.067,-2.761
0.067,-1.737
0.068,-0.483
0.067,0.673
0.067,0.965
0.068,0.618
0.067,-0.969
0.067,-0.569
0.067,1.286
0.068,4.763
0.067,5.387
0.067,3.49
0.068,1.61
0.067,0.282
0.067,-1.284
0.068,-1.362
0.067,-0.775
0.067,0.933
0.067,3.761
0.068,4.679
0.067,3.49
0.067,2.156
0.068,-0.791
0.067,0.031
0.067,-0.559
0.067,-0.381
0.068,-1.379
0.067,-2.598
0.067,-2.631
0.067,-2.279
0.068,0.974
0.067,3.097
0.067,5.533
0.067,5.086
0.068,4.708
0.067,0.414
0.067,-1.03
0.067,0.029
0.067,0.229
0.068,1.601
0.067,2.236
0.067,1.802
0.067,1.823
0.067,-1.163
0.067,-3.14
0.067,-6.158
0.068,-5.834
0.067,-3.708
0.067,-1.017
0.067,-1.722
0.067,-3.296
0.067,-2.845
0.067,-3.227
0.067,-1.874
0.068,-3.11
0.067,-2.629
0.067,-4.33
0.068,-2.196
0.067,0.647
0.067,1.215
0.068,1.401
0.067,3.469
0.068,1.777
0.067,1.184
0.068,-0.945
0.067,-3.94
0.068,-2.898
0.068,0.944
0.067,4.142
0.068,4.093
0.068,3.041
0.067,1.088
0.068,-0.594
0.068,-0.188
0.068,-0.811
0.068,0.399
0.067,2.498
0.068,2.112
0.069,2.556
0.067,0.736
0.068,2.478
0.068,-0.045
0.068,-2.093
0.069,-2.862
0.068,-5.181
0.068,-5.169
0.068,-3.893
0.068,-1.165
0.068,3.513
0.068,6.07
0.069,6.048
0.068,4.005
0.068,3.179
0.069,4.172
0.068,3.689
0.068,-2.007
0.069,-2.855
0.068,-0.83
0.068,-0.614
0.069,-1.293
0.069,-1.378
0.068,-1.099
0.068,2.235
0.069,3.529
0.069,4.043
0.068,3.645
0.069,2.451
0.068,5.098
0.069,3.85
0.069,2.66
0.068,-0.475
0.069,-3.495
0.069,-7.025
0.068,-7.999
0.069,-8.883
0.069,-5.484
0.069,-1.503
0.069,0.309
0.068,-1.668
0.069,-0.978
0.069,-0.587
0.069,0.555
0.069,0.963
0.069,2.111
0.069,1.762
0.069,-0.174
0.069,0.575
0.069,0.596
0.069,0.561
0.069,0.447
0.069,-3.611
0.069,-5.14
0.069,-5.594
0.069,-2.424
0.069,-1.786
0.069,-2.574
0.069,-2.119
0.069,-1.083
0.069,-0.318
0.07,-0.348
0.069,0.465
0.069,1.851
0.069,3.473
0.069,2.756
0.069,4.027
0.07,6.32
0.069,3.339
0.069,3.537
0.07,2.291
0.069,2.88
0.069,-1.365
0.069,-1.78
0.07,-2.436
0.069,1.225
0.07,4.642
0.069,7.235
0.069,5.442
0.069,1.992
0.07,-1.119
0.069,-4.342
0.07,-4.942
0.069,-1.28
0.07,-0.683
0.069,-0.472
0.069,0.475
0.07,0.016
0.069,-1.357
0.07,-3.069
0.069,-0.544
0.07,-1.561
0.069,-0.591
0.07,1.061
0.069,-0.137
0.07,0.21
0.069,0.331
0.07,-1.575
0.069,-1.681
0.07,-0.501
0.069,-2.995
0.07,-3.266
0.07,-0.491
0.069,-0.714
0.07,-1.496
0.069,-0.773
0.07,0.864
0.07,1.56
0.069,2.66
0.07,3.168
0.069,1.009
0.07,-0.356
0.07,-3.116
0.069,-5.157
0.07,-1.727
0.07,1.187
0.069,2.395
0.07,4.283
0.069,0.69
0.07,0.225
0.07,2.854
0.07,4.721
0.069,8.606
0.07,9.047
0.07,4.658
0.069,0.259
0.07,-3.196
0.07,-8.3
0.069,-10.879
0.07,-10.008
0.07,-3.819
0.069,-0.91
0.07,1.945
0.07,3.508
0.069,6.068
0.07,2.523
0.07,-2.286
0.07,-4.79
0.069,-3.16
0.07,0.96
0.07,4.34
0.069,5.474
0.07,1.542
0.07,-4.148
0.07,-7.264
0.069,-8.263
0.07,-5.819
0.07,-2.025
0.069,-0.142
0.07,1.498
0.07,2.999
0.07,3.414
0.069,6.211
0.07,4.997
0.07,3.469
0.069,4.741
0.07,7.385
0.07,4.735
0.07,2.929
0.069,0.642
0.07,0.247
0.07,0.107
0.069,-1.143
0.07,-0.538
0.07,-2.5
0.07,-3.875
0.069,-5.687
0.07,-7.549
0.07,-6.728
0.069,-4.132
0.07,-1.365
0.07,3.3
0.069,6.326
0.07,6.702
0.07,4.492
0.07,2.647
0.069,-1.633
0.07,-7.181
0.07,-7.815
0.069,-5.746
0.07,-1.639
0.07,4.165
0.069,6.094
0.07,4.199
0.069,-1.092
0.07,-3.135
0.07,-6.51
0.069,-3.84
0.07,-2.346
0.07,0.204
0.069,3.337
0.07,6.399
0.069,6.525
0.07,7.807
0.07,4.47
0.069,1.497
0.07,-2.662
0.07,-3.472
0.069,-0.387
0.07,-3.457
0.069,-2.759
0.07,-3.37
0.069,-4.633
0.07,-3.134
0.069,2.504
0.07,5.875
0.07,7.593
0.069,6.217
0.07,-1.276
0.069,-2.941
0.07,-2.523
0.069,-2.126
0.07,-2.921
0.069,-3.973
0.07,-2.991
0.069,-0.374
0.069,1.29
0.07,0.592
0.069,0.102
0.07,1.756
0.069,4.479
0.07,8.632
0.069,9.762
0.07,6.096
0.069,-0.367
0.069,-5.537
0.07,-10.777
0.069,-11.097
0.07,-10.676
0.069,-7.029
0.069,-3.322
0.07,1.439
0.069,4.955
0.069,6.947
0.07,7.121
0.069,4.87
0.069,1.881
0.07,-0.139
0.069,-1.034
0.069,1.3
0.069,5.887
0.07,5.858
0.069,4.802
0.069,1.429
0.069,-1.646
0.07,-3.794
0.069,-4.649
0.069,-1.932
0.069,-1.098
0.07,-2.054
0.069,-4.534
0.069,-7.258
0.069,-6.143
0.07,-2.959
0.069,1.757
0.069,5.644
0.07,10.066
0.069,9.205
0.069,4.518
0.069,0.778
0.07,-3.414
0.069,-3.061
0.069,-7.499
0.069,-6.594
0.07,-4.775
0.069,-5.349
0.069,-4.169
0.069,-3.168
0.07,-1.713
0.069,0.558
0.069,1.937
0.069,3.218
0.069,3.642
0.07,2.556
0.069,0.855
0.069,0.765
0.069,1.599
0.07,0.347
0.069,-1.167
0.069,-1.92
0.069,2.185
0.069,5.682
0.07,6.515
0.069,3.329
0.069,0.059
0.069,-1.868
0.07,-3.195
0.069,-0.215
0.069,-0.137
0.069,1.956
0.069,0.56
0.07,-0.294
0.069,-1.274
0.069,-1.788
0.069,-3.123
0.069,-1.913
0.069,-1.813
0.069,0.946
0.07,1.606
0.069,3.418
0.069,5.077
0.069,3.483
0.069,-0.96
0.069,-4.745
0.07,-3.179
0.069,-0.833
0.069,0.433
0.069,0.686
0.069,2.352
0.069,4.181
0.069,4.118
0.069,2.839
0.069,1.555
0.07,-3.008
0.069,-4.875
0.069,-9.585
0.069,-2.627
0.069,-2.912
0.069,0.988
0.069,1.431
0.069,1.31
0.069,-1.57
0.069,-1.892
0.069,-0.827
0.069,1.234
0.069,2.165
0.069,0.087
0.069,2.754
0.069,3.956
0.069,5.287
0.069,3.504
0.069,4.749
0.069,3.387
0.069,2.813
0.069,-0.805
0.069,-3.239
0.069,-2.396
0.069,-1.908
0.069,-0.243
0.069,0.461
0.069,0.038
0.069,-3.667
0.069,-6.119
0.069,-8.402
0.069,-6.912
0.069,-4.225
0.069,-1.808
0.069,0.714
0.068,2.772
0.069,2.634
0.069,2.672
0.069,2.242
0.069,3.137
0.069,3.559
0.069,3.534
0.068,4.173
0.069,0.291
0.069,0.544
0.069,-0.147
0.069,-1.365
0.069,-3.394
0.068,-2.324
0.069,-2.702
0.069,-1.695
0.069,-0.435
0.069,4.416
0.068,3.339
0.069,3.582
0.069,3.481
0.068,-0.509
0.069,-1.7
0.069,-1.808
0.069,-3.696
0.068,-6.222
0.069,-3.422
0.069,-5.309
0.068,-1.626
0.069,-3.485
0.069,-2.437
0.068,-2.069
0.069,0.884
0.069,2.315
0.068,3.883
0.069,4.673
0.069,9.524
0.068,10.032
0.069,8.541
0.068,4.621
0.069,2.266
0.069,-0.987
0.068,-3.324
0.069,-4.352
0.068,-9.215
0.069,-6.515
0.068,-5.649
0.069,-4.539
0.068,-3.909
0.069,-1.353
0.068,0.071
0.069,2.519
0.068,3.823
0.069,3.988
0.068,4.671
0.069,8.335
0.068,5.244
0.069,4.873
0.068,3.992
0.068,1.166
0.069,-0.752
0.068,-2.141
0.069,-2.356
0.068,-2.084
0.068,-1.19
0.069,0.92
0.068,2.826
0.068,4.266
0.069,4.258
0.068,3.127
0.068,2.351
0.069,-0.504
0.068,-2.612
0.068,-5.114
0.068,-8.806
0.069,-11.893
0.068,-11.614
0.068,-9.722
0.068,-5.834
0.069,-0.911
0.068,0.604
0.068,3.536
0.068,5.484
0.069,6.834
0.068,6.772
0.068,5.877
0.068,3.97
0.068,1.046
0.068,2.612
0.068,0.299
0.069,1.568
0.068,-0.097
0.068,-0.515
0.068,-0.679
0.068,-0.743
0.068,-2.807
0.068,-3.372
0.068,-2.278
0.068,0.504
0.068,0.038
0.068,0.282
0.068,0.053
0.068,-2.041
0.068,-3.223
0.068,-5.731
0.068,-6.102
0.068,-5.867
0.068,-4.532
0.068,-2.721
0.068,-1.384
0.068,0.773
0.068,2.587
0.068,4.737
0.068,4.903
0.068,4.907
0.068,5.274
0.068,3.847
0.068,2.498
0.068,1.07
0.068,-1.424
0.068,-0.993
0.068,-2.543
0.068,-1.418
0.068,-1.674
0.068,-1.403
0.068,1.583
0.068,3.229
0.068,8.338
0.068,8.311
0.068,6.316
0.068,3.581
0.068,-0.891
0.069,-2.232
0.068,-5.559
0.068,-4.386
0.068,-4.16
0.068,0.177
0.068,1.169
0.068,4.417
0.068,3.678
0.068,5.924
0.068,3.251
0.068,1.657
0.068,0.311
0.068,-1.858
0.068,-3.636
0.069,-6.325
0.068,-7.327
0.068,-5.877
0.068,-6.365
0.068,-4.874
0.068,-3.417
0.068,-0.812
0.068,1.756
0.068,2.778
0.069,2.532
0.068,1.243
0.068,0.159
0.068,1.022
0.068,-0.544
0.068,0.107
0.068,1.106
0.068,-1.323
0.068,-1.86
0.068,-1.866
0.069,-1.133
0.068,-0.771
0.068,0.257
0.068,3.338
0.068,4.95
0.068,5.025
0.068,6.632
0.068,5.262
0.069,2.619
0.068,0.305
0.068,-2.131
0.068,-1.768
0.068,-2.479
0.068,-0.655
0.068,0.522
0.068,0.935
0.069,0.061
0.068,0.071
0.068,-0.753
0.068,-1.069
0.068,0.355
0.068,1.651
0.068,3.627
0.069,2.921
0.068,1.747
0.068,0.163
0.068,-1.113
0.068,-3.09
0.068,-3.005
0.068,-5.926
0.068,-8.295
0.069,-6.368
0.068,-6.23
0.068,-0.98
0.068,1.323
0.068,6.532
0.068,7.105
0.069,5.525
0.068,-0.569
0.068,-5.832
0.068,-3.954
0.068,-2.018
0.068,2.968
0.068,2.727
0.068,1.545
0.069,-3.563
0.068,-6.648
0.068,-3.513
0.068,-0.143
0.068,3.964
0.068,6.357
0.068,2.877
0.069,2.407
0.068,-0.229
0.068,1.314
0.068,0.645
0.068,-0.862
0.068,0.945
0.068,0.176
0.068,1.848
0.069,0.214
0.068,-3.252
0.068,-5.268
0.068,-3.757
0.068,-0.265
0.068,3.366
0.068,5.063
0.068,5.374
0.069,4.49
0.068,3.978
0.068,1.97
0.068,1.172
0.068,-1.276
0.068,1.273
0.068,1.824
0.068,1.762
0.068,-0.228
0.069,-0.887
0.068,-2.694
0.068,0.179
0.068,-1.857
0.068,-0.885
0.068,-2.574
0.068,-1.826
0.068,-2.339
0.068,-2.898
0.069,-3.489
0.068,-2.315
0.068,0.333
0.068,4.223
0.068,5.891
0.068,5.142
0.068,2.416
0.068,-0.834
0.068,-2.793
0.068,-3.52
0.069,-2.069
0.068,-0.571
0.068,0.858
0.068,1.517
0.068,1.133
0.068,0.481
0.068,-2.389
0.068,-3.113
0.068,-3.438
0.068,-4.006
0.068,-2.242
0.068,-1.948
0.068,-2.018
0.068,-0.006
0.069,0.21
0.068,1.641
0.068,2.945
0.068,1.985
0.068,-0.352
0.068,1.685
0.067,-0.221
0.068,-1.59
0.068,-2.319
0.068,-4.206
0.068,-1.18
0.067,-0.599
0.068,1.251
0.068,4.848
0.067,5.58
0.068,4
0.067,3.885
0.068,2.314
0.067,0.388
0.067,1.107
0.068,3.315
0.067,4.241
0.067,5.517
0.067,2.27
0.067,-1.941
0.068,-5.345
0.067,-6.888
0.067,-4.346
0.067,-1.44
0.066,0.442
0.067,3.342
0.067,3.365
0.067,2.575
0.067,3.393
0.066,-0.746
0.067,0.534
0.067,2.955
0.066,2.882
0.067,2.761
0.067,-0.923
0.066,-4.782
0.066,-7.378
0.067,-4.439
0.066,-3.136
0.066,0.634
0.067,-0.722
0.066,-5.005
0.066,-9.353
0.066,-8.565
0.066,-4.068
0.067,-0.558
0.065,2.491
0.066,4.219
0.066,6.542
0.066,8.083
0.066,9.333
0.066,11.777
0.066,9.11
0.066,5.433
0.065,1.851
0.066,-2.071
0.066,-2.88
0.065,-1.802
0.066,1.909
0.065,4.516
0.066,0.587
0.065,-3.144
0.065,-5.744
0.066,-6.658
0.065,-6.334
0.065,-6.559
0.066,-4.163
0.065,-0.666
0.065,2.085
0.065,4.904
0.065,5.76
0.065,2.164
0.065,-2.192
0.065,-6.391
0.065,-8.524
0.065,-6.545
0.065,-5.754
0.064,-2.211
0.065,4.728
0.065,9.485
0.064,11.402
0.065,10.939
0.065,5.374
0.064,1.716
0.065,-2.4
0.064,-1.39
0.065,-0.672
0.064,0.202
0.064,-1.843
0.065,-4.348
0.064,-6.478
0.064,-4.067
0.064,-2.789
0.065,-2.039
0.064,-1.582
0.064,-1.225
0.064,-2.744
0.064,-1.499
0.064,-2.399
0.064,-2.538
0.064,-3.313
0.064,-0.843
0.063,0.489
0.064,3.334
0.064,3.46
0.064,4.795
0.063,5.684
0.064,5.209
0.063,6.499
0.064,2.777
0.064,1.462
0.063,1.569
0.063,3.542
0.064,5.106
0.063,3.669
0.064,0.516
0.063,-0.251
0.063,1.76
0.063,1.015
0.063,1.036
0.064,-0.662
0.063,-0.57
0.063,0.179
0.063,-2.081
0.063,-2.241
0.063,-0.828
0.063,1.353
0.062,0.691
0.063,2.12
0.063,-0.227
0.063,-3.49
0.063,-5.83
0.062,-6.824
0.063,-4.392
0.063,-1.579
0.062,-0.452
0.063,-0.694
0.062,-1.376
0.063,0.199
0.062,1.593
0.062,3.84
0.063,3.584
0.062,3.838
0.062,3.353
0.063,4.576
0.062,2.965
0.062,0.727
0.062,-2.476
0.062,-4.968
0.062,-9.545
0.062,-7.025
0.062,-5.491
0.062,-1.117
0.062,4.316
0.062,5.702
0.062,6.418
0.062,5.439
0.062,5.15
0.062,4.072
0.062,2.568
0.062,-0.983
0.062,-1.527
0.062,-1.358
0.062,-0.004
0.062,3.256
0.061,2.829
0.062,3.372
0.062,-1.725
0.062,-5.716
0.062,-9.892
0.062,-9.511
0.061,-6.503
0.062,-2.958
0.062,2.361
0.062,6.122
0.062,3.939
0.061,0.726
0.062,2.286
0.062,4.75
0.061,8.272
0.062,8.647
0.062,7.761
0.062,4.348
0.061,1.834
0.062,1.33
0.062,-2.232
0.061,-3.625
0.062,-6.297
0.061,-6.519
0.062,-6.738
0.062,-7.042
0.061,-1.825
0.062,-0.301
0.061,1.561
0.062,0.282
0.061,0.268
0.062,-1.632
0.061,-2.886
0.062,-3.107
0.062,-0.966
0.061,1.583
0.061,2.414
0.062,1.755
0.061,2.451
0.062,4.425
0.061,4.246
0.062,2.198
0.061,-1.113
0.061,-7.366
0.062,1.017
0.061,4.245
0.062,5.265
0.061,5.202
0.061,5.214
0.062,4.498
0.061,3.959
0.061,2.007
0.062,1.285
0.061,0.804
0.061,-0.126
0.061,-1.48
0.062,-0.312
0.051,120.392
h
4.989
l
0.009,-152.346
0.061,4.129
0.061,6.462
0.061,3.479
0.061,-2.015
0.061,-4.043
0.061,-8.46
0.06,-10.384
0.061,-6.316
0.061,-0.077
0.061,3.734
0.061,4.796
0.062,4.107
0.061,6.067
0.061,-0.903
0.061,-0.729
0.061,0.742
0.061,-1.645
0.061,-2.698
0.062,-3.082
0.061,-2.17
0.061,-0.409
0.062,-1.548
0.061,-2.887
0.061,-3.874
0.062,-1.378
0.061,1.348
0.061,4.053
0.062,4.183
0.061,-0.077
0.062,1.897
0.061,0.732
0.062,1.279
0.061,2.469
0.062,1.834
0.062,-0.525
0.061,-0.245
0.062,0.073
0.062,3.82
0.061,3.026
0.062,0.783
0.062,-1.399
0.062,0.408
0.061,0.885
0.062,-0.529
0.062,-5.291
0.062,-2.088
0.062,-1.681
0.062,-0.633
0.062,-0.96
0.062,-3.727
0.062,-5.054
0.062,-7.197
0.062,-7.737
0.062,-4.98
0.062,-3.208
0.062,0.462
0.062,3.742
0.062,4.832
0.062,3.851
0.062,1.91
0.063,-0.04
0.062,-0.673
0.062,-0.158
0.062,1.553
0.063,4.541
0.062,5.611
0.062,5.157
0.063,0.865
0.062,-4.995
0.063,-7.971
0.062,-10.774
0.063,-6.117
0.062,-2.68
0.063,-0.306
0.062,1.3
0.063,3.549
0.062,6.186
0.063,4.798
0.062,1.029
0.063,-0.89
0.063,-1.51
0.062,3.972
0.063,7.362
0.063,7.095
0.063,6.462
0.062,2.643
0.063,-1.22
0.063,-4.689
0.063,-6.551
0.063,-3.957
0.063,-3.126
0.063,-0.532
0.062,1.717
0.063,4.521
0.063,5.206
0.063,5.787
0.063,2.065
0.064,-0.649
0.063,-3.884
0.063,-8.82
0.063,-12.946
0.063,-11.957
0.063,-7.957
0.063,-1.586
0.063,3.264
0.064,5.48
0.063,6.511
0.063,5.848
0.063,5.21
0.064,2.229
0.063,-1.819
0.063,-2.286
0.064,-3.05
0.063,-2.463
0.063,-2.583
0.063,-2.664
0.063,-1.35
0.063,-0.863
0.063,1.53
0.064,-0.497
0.062,-2.934
0.063,-2.957
0.063,-3.102
0.063,3.509
0.063,6.542
0.063,4.542
0.063,1.965
0.062,-0.86
0.063,1.011
0.063,3.242
0.063,0.46
0.062,0.637
0.063,-1.132
0.062,-0.913
0.063,-3.883
0.062,0.464
0.063,1.369
0.062,2.729
0.062,1.28
0.063,-1.402
0.062,-1.032
0.062,0.219
0.063,1.296
0.062,2.008
0.062,0.2
0.062,-1.251
0.062,-0.774
0.062,-2.849
0.062,-3.354
0.062,-1.904
0.062,-1.207
0.062,-0.851
0.062,1.001
0.062,0.932
0.062,3.797
0.062,3.502
0.061,0.653
0.062,-1.792
0.062,-5.884
0.062,-6.541
0.061,-4.653
0.062,-1.956
0.061,-0.534
0.062,0.811
0.061,2.82
0.062,2.69
0.061,2.012
0.062,-0.811
0.061,-1.21
0.061,-0.79
0.062,-0.422
0.061,0.874
0.061,0.377
0.061,0.45
0.062,3.596
0.061,3.474
0.061,3.405
0.061,3.224
0.061,-0.21
0.061,-1.696
0.061,-2.703
0.061,-0.987
0.061,1.371
0.061,-0.431
0.061,-4.081
0.061,-5.44
0.06,-4.996
0.061,-2.56
0.061,1.337
0.061,3.49
0.06,4.297
0.061,1.833
0.061,2.538
0.06,1.502
0.061,1.272
0.06,0.163
0.061,-0.134
0.06,0.548
0.06,0.318
0.061,-1.905
0.06,1.391
0.061,5.035
0.06,4.197
0.06,6.36
0.06,2.739
0.061,-0.013
0.06,-4.625
0.06,-7.102
0.06,-6.778
0.06,-4.01
0.003,184.451
h
3.815
l
0.039,-184.198
0.058,1.724
0.059,3.72
0.058,5.429
0.059,2.848
0.059,-2.763
0.059,-8.801
0.058,-8.631
0.059,-5.584
0.058,-0.875
0.059,3.764
0.058,5.396
0.059,4.214
0.058,2.58
0.058,-0.039
0.059,-1.63
0.058,-6.931
0.058,-6.559
0.059,-3.299
0.059,1.928
0.058,3.832
0.058,4.946
0.059,7.332
0.058,4.326
0.058,0.655
0.058,-0.277
0.059,-5.097
0.058,-6.517
0.058,-3.561
0.058,-5.194
0.059,-2.733
0.058,0.445
0.057,1.595
0.059,4.906
0.058,5.037
0.058,5.761
0.058,3.368
0.058,0.748
0.058,-1.583
0.058,-3.386
0.058,-2.778
0.058,-1.066
0.058,-0.004
0.058,1.466
0.058,2.433
0.058,2.24
0.058,2.352
0.057,3.135
0.058,2.185
0.058,1.99
0.058,2.433
0.058,2.717
0.058,1.213
0.057,-2.076
0.058,-1.49
0.058,-2.698
0.058,-2.836
0.058,-1.51
0.057,-1.745
0.058,-3.23
0.057,-2.93
0.058,-3.653
0.057,-5.875
0.058,-5.777
0.058,-4.646
0.057,-2.516
0.058,-1.603
0.058,-0.189
0.057,0.683
0.058,0.453
0.057,3.935
0.057,5.35
0.058,4.529
0.057,2.516
0.058,-2.007
0.057,-0.915
0.057,4.127
0.057,4.809
0.058,4.67
0.058,0.919
0.056,-1.453
0.058,-3.041
0.057,-2.845
0.058,-0.43
0.057,-2.185
0.057,-0.513
0.057,2.634
0.057,-0.068
0.057,0.547
0.057,1.474
0.058,0.326
0.057,-0.863
0.057,-2.429
0.057,0.239
0.057,2.018
0.057,2.272
0.057,4.925
0.057,3.927
0.057,3.605
0.057,3.992
0.057,1.112
0.057,-2.198
0.057,-5.046
0.057,-7.805
0.057,-7.377
0.056,-4.757
0.058,-2.856
0.056,-3.618
0.057,-4.52
0.057,-5.725
0.057,-2.406
0.057,-0.23
0.056,3.417
0.057,3.389
0.057,2.615
0.056,6.347
0.057,5.753
0.057,6.024
0.056,5.43
0.057,4.547
0.057,3.581
0.056,2.286
0.057,0.509
0.057,-0.26
0.056,-1.735
0.057,-2.798
0.056,-6.443
0.057,-6.528
0.056,-4.389
0.057,-1.769
0.056,0.722
0.057,1.54
0.056,2.006
0.057,2.599
0.056,4.198
0.057,5.384
0.056,2.608
0.056,-0.147
0.057,-2.042
0.056,-1.853
0.056,-0.413
0.057,3.429
0.056,1.574
0.056,-1.142
0.056,-4.68
0.057,-6.155
0.055,-5.593
0.057,-2.527
0.056,0.586
0.056,0.554
0.056,4.272
0.056,3.995
0.056,1.839
0.056,0.209
0.057,-1.826
0.056,-1.797
0.056,-0.332
0.056,0.754
0.056,-2.777
0.056,-3.046
0.056,-3.655
0.056,-2.049
0.056,1.909
0.056,3.073
0.056,3.064
0.056,0.447
0.056,-2.508
0.056,-4.09
0.055,-2.998
0.056,-5.101
0.056,-5.585
0.056,-5.798
0.055,-1.55
0.056,2.068
0.056,5.094
0.056,8.421
0.056,5.497
0.055,1.659
0.056,-1.854
0.055,-4.899
0.056,-3.844
0.056,1.325
0.056,6.522
0.056,11.733
0.055,13.005
0.056,8.297
0.055,2.316
0.056,-2.94
0.055,-5.529
0.056,-3.059
0.055,1.672
0.056,2.885
0.055,1.536
0.056,0.124
0.055,-2.036
0.056,-5.563
0.055,-3.034
0.056,-2.058
0.055,-1.113
0.055,0.089
0.056,0.37
0.055,0.847
0.055,3.737
0.055,2.582
0.056,4.837
0.055,-0.633
0.055,-3.062
0.056,-4.392
0.055,-6.235
0.055,-5.975
0.055,-5.161
0.056,-2.921
0.055,-1.191
0.055,-1.893
0.055,-1.2
0.055,-0.505
0.056,-0.403
0.055,-3.518
0.055,-3.657
0.055,-3.463
0.055,-1.761
0.055,1.734
0.055,7.502
0.055,7.79
0.055,3.089
0.055,-0.755
0.055,-2.585
0.055,0.952
0.055,3.247
0.055,4.782
0.054,4.839
0.055,3.478
0.055,1.305
0.055,1.964
0.055,0.772
0.055,3.35
0.055,3.562
0.055,1.545
0.054,0.376
0.056,-0.09
0.054,1.19
0.055,-0.558
0.055,-4.298
0.054,-5.855
0.055,-6.944
0.055,-7.9
0.054,-5.315
0.055,-3.937
0.055,-1.649
0.054,0.684
0.055,5.323
0.055,6.27
0.054,6.95
0.055,6.269
0.054,4.484
0.055,1.698
0.055,-0.248
0.054,-4.585
0.055,-7.088
0.054,-7.277
0.054,-4.383
0.055,-1.362
0.054,-0.002
0.055,-1.384
0.054,-3.538
0.055,-2.855
0.054,0.519
0.054,4.815
0.055,7.549
0.054,5.215
0.055,2.243
0.054,1.318
0.054,1.831
0.054,1.088
0.055,-0.082
0.054,1.657
0.054,-0.142
0.054,-0.786
0.055,-2.083
0.054,-0.761
0.054,-0.479
0.054,-3.217
0.054,-4.284
0.054,-4.08
0.055,-4.001
0.054,-0.86
0.054,2.405
0.054,5.201
0.054,6.544
0.054,5.921
0.055,4.664
0.053,1.853
0.054,0.22
0.054,-6.189
0.055,-8.804
0.054,-7.586
0.053,-4.873
0.054,-0.262
0.054,2.12
0.054,3.812
0.054,7.041
0.054,5.59
0.054,2.651
0.054,-1.431
0.054,-3.77
0.053,-2.106
0.054,-0.482
0.054,2.071
0.054,1.319
0.054,0.114
0.053,0.271
0.054,-0.51
0.054,-4.982
0.054,-5.142
0.054,-3.626
0.053,0.341
0.054,2.695
0.054,2.618
0.053,3.36
0.054,5.622
0.053,6.651
0.054,3.57
0.054,4.188
0.054,2.384
0.053,3.1
0.053,-0.221
0.054,-1.92
0.054,-2.969
0.054,0.421
0.053,0.337
0.053,0.35
0.054,-1.752
0.053,-5.841
0.054,-5.212
0.053,-6.568
0.054,-4.218
0.053,-0.46
0.054,-2.217
0.053,-2.055
0.053,-0.475
0.054,3.41
0.053,5.244
0.053,6.822
0.054,9.186
0.053,6.578
0.053,4.302
0.054,1.229
0.053,-0.557
0.053,-1.665
0.054,-6.052
0.053,-7.09
0.053,-7.472
0.053,-5.118
0.054,-3.832
0.052,-2.676
0.054,-1.557
0.053,1.189
0.053,1.398
0.053,0.835
0.053,-1.064
0.053,-0.009
0.053,2.174
0.054,0.827
0.053,3.772
0.053,3.684
0.053,2.687
0.053,0.749
0.053,-4.167
0.053,-3.22
0.053,-6.617
0.053,-6.745
0.053,-4.217
0.053,-1.836
0.053,0.352
0.053,0.499
0.052,-0.909
0.053,0.453
0.053,-0.004
0.053,2.333
0.053,5.66
0.053,7.962
0.053,7.575
0.053,2.955
0.052,0.579
0.053,-3.061
0.053,-3.07
0.053,-0.338
0.053,0.066
0.052,-0.213
0.053,-2.109
0.053,-2.52
0.053,-0.729
0.052,0.039
0.053,3.996
0.052,4.502
0.053,6.143
0.053,3.639
0.052,2.084
0.053,-0.692
0.053,-0.772
0.052,-2.504
0.053,-0.372
0.052,-0.713
0.053,-0.607
0.053,-0.521
0.052,-1.025
0.053,-3.722
0.052,-4.567
0.053,-1.251
0.052,0.107
0.053,1.685
0.052,4.534
0.052,7.029
0.053,8.497
0.052,5.094
0.053,1.305
0.052,-0.576
0.052,-2.651
0.053,-2.07
0.052,-1.561
0.052,-2.444
0.053,-1.079
0.052,-3.031
0.053,-2.681
0.052,-0.884
0.052,-1.84
0.052,-1.272
0.053,-2.377
0.052,-2.183
0.052,1.093
0.053,0.968
0.052,2.131
0.052,3.19
0.052,6.252
0.052,3.841
0.052,1.489
0.052,-1.407
0.053,-2.551
0.052,-4.413
0.052,-4.356
0.052,0.471
0.052,-0.842
0.052,0.507
0.052,1.488
0.052,0.56
0.052,-1.863
0.052,-4.431
0.052,-6.443
0.052,-4.749
0.052,-3.668
0.052,3.628
0.052,12.358
0.052,11.969
0.052,4.921
0.052,-4.184
0.052,-8.119
0.052,-7.919
0.052,-8.859
0.052,-6.582
0.052,-4.299
0.051,-0.455
0.052,2.31
0.052,4.237
0.052,6.271
0.052,7.717
0.052,8.397
0.051,6.759
0.052,2.605
0.052,-0.839
0.052,-2.216
0.051,-2.085
0.052,-0.962
0.052,0.417
0.051,2.025
0.052,2.6
0.052,0.512
0.052,-0.208
0.051,-1.366
0.052,-4.666
0.051,-4.744
0.052,-7.588
0.052,-2.108
0.051,2.946
0.052,6.344
0.052,7.047
0.051,2.266
0.052,-2.441
0.051,-3.432
0.052,-2.997
0.051,-2.434
0.052,-1.642
0.051,1.303
0.052,4.065
0.051,5.11
0.052,2.811
0.051,-0.533
0.051,-4.139
0.052,-4.535
0.051,-5.829
0.052,-3.471
0.051,-2
0.052,-0.919
0.051,-1.904
0.051,-1.393
0.052,-0.156
0.051,-2.209
0.051,-0.472
0.052,-0.061
0.051,4.491
0.051,4.04
0.051,2.496
0.052,1.607
0.051,1.583
0.051,2.428
0.052,2.518
0.051,4.438
0.051,1.969
0.051,-0.12
0.051,-1.475
0.051,-2.08
0.051,3.581
0.052,3.057
0.051,1.89
0.051,-1.322
0.051,-3.446
0.051,-1.513
0.051,0.504
0.052,3.697
0.051,6.591
0.051,4.656
0.051,0.911
0.05,-4.553
0.052,-8.991
0.051,-10.119
0.051,-3.81
0.051,1.612
0.051,6.324
0.051,5.428
0.05,4.324
0.051,1.107
0.051,-1.063
0.051,-2.775
0.051,-2.728
0.051,-4.391
0.051,-2.927
0.051,0.133
0.051,4.033
0.051,5.596
0.05,2.065
0.051,-2.719
0.051,-5.785
0.051,-6.184
0.051,-7.143
0.051,-3.908
0.05,-0.628
0.051,2.744
0.051,7.103
0.051,8.888
0.051,4.349
0.05,-0.368
0.051,-6.502
0.051,-2.864
0.051,-1.101
0.05,-0.018
0.051,1.264
0.05,0.863
0.051,-0.437
0.051,-3.353
0.05,-3.338
0.051,-4.293
0.051,-2.451
0.05,-0.243
0.051,3.382
0.05,5.186
0.051,2.528
0.05,-1.311
0.051,1.802
0.05,1.091
0.051,3.71
0.051,2.819
0.05,0.882
0.051,-1.095
0.05,0.397
0.051,0.197
0.05,-0.036
0.05,-0.672
0.051,-0.776
0.05,-1.495
0.051,-3.377
0.05,-2.243
0.05,-3.06
0.051,-3.555
0.05,-2.997
0.051,-0.234
0.05,3.656
0.05,5.584
0.051,5.519
0.05,5.807
0.05,4.062
0.051,5.917
0.05,4.82
0.05,2.785
0.05,0.39
0.051,-0.194
0.05,1.372
0.05,-0.101
0.05,-1.701
0.051,-2.383
0.05,-3.953
0.05,-5.99
0.05,-5.089
0.05,-4.514
0.05,-3.717
0.051,-2.151
0.05,-1.872
0.05,-4.08
0.05,-4.445
0.05,-1.71
0.05,-0.581
0.05,3.966
0.051,2.196
0.05,2.133
0.05,3.88
0.05,4.339
0.049,3.449
0.051,0.004
0.05,-3.849
0.05,-1.812
0.05,0.607
0.05,2.121
0.05,4.821
0.049,4.3
0.05,2.306
0.05,0.703
0.05,0.925
0.05,0.529
0.05,1.318
0.05,1.51
0.05,-1.389
0.05,-5.467
0.05,-9.797
0.05,-10.819
0.05,-9.054
0.049,-5.047
0.05,-4.135
0.05,-0.743
0.05,2.266
0.05,2.039
0.049,1.63
0.05,4.918
0.05,7.345
0.05,6.675
0.05,2.427
0.049,-2.617
0.05,-5.86
0.05,-5.958
0.049,-3.007
0.05,2.046
0.05,4.895
0.05,3.531
0.049,1.072
0.05,1.292
0.049,4.731
0.05,7.436
0.05,5.283
0.049,1.76
0.05,-0.856
0.05,0.286
0.049,2.976
0.05,5.063
0.049,3.24
0.05,0.213
0.05,-5.733
0.049,-6.785
0.05,-6.54
0.049,-5.158
0.05,-2.162
0.049,-2.497
0.05,-0.821
0.049,5.227
0.05,9.062
0.049,6.686
0.05,2.249
0.049,-3.44
0.049,-7.226
0.05,-7.168
0.049,-5.777
0.05,-1.364
0.049,1.212
0.05,1.948
0.049,0.352
0.049,-0.606
0.05,1.002
0.049,0.861
0.049,2.636
0.049,1.067
0.05,-1.493
0.049,-0.183
0.05,-2.982
0.049,-0.481
0.049,-0.123
0.049,-1.92
0.05,0.649
0.049,-1.583
0.049,-3.166
0.049,-3.398
0.05,-0.632
0.049,2.918
0.049,1.211
0.049,1.556
0.049,1.557
0.05,-1.787
0.049,-5.478
0.049,-5.815
0.049,-2.286
0.049,0.155
0.049,6.614
0.05,7.98
0.048,7.761
0.05,4.677
0.049,0.146
0.049,-0.548
0.049,-0.334
0.049,0.936
0.049,-2.895
0.049,-3.856
0.049,-2.806
0.049,-2.238
0.049,-3.272
0.049,-0.086
0.049,2.59
0.049,3.124
0.049,7.392
0.049,4.781
0.049,2.766
0.049,-0.754
0.049,-0.701
0.049,-1.375
0.049,-2.818
0.049,-1.572
0.048,1.937
0.049,0.64
0.049,-1.046
0.049,-4.524
0.049,-7.659
0.049,-5.6
0.049,-5.19
0.048,-1.568
0.049,0.049
0.049,3.197
0.049,6.117
0.049,6.467
0.049,3.519
0.048,0.045
0.049,-1.426
0.049,-3.682
0.049,-3.038
0.049,-3.939
0.048,-4.672
0.049,-2.042
0.049,1.557
0.048,4.084
0.049,4.792
0.049,3.069
0.048,0.343
0.049,-0.031
0.049,0.792
0.048,2.026
0.049,3.718
0.049,4.059
0.048,4.945
0.049,3.279
0.048,-0.324
0.049,-2.717
0.049,-5.468
0.048,-3.925
0.049,-0.376
0.048,1.275
0.049,2.5
0.048,-0.313
0.049,-3.807
0.049,-6.725
0.048,-7.066
0.049,-1.153
0.048,2.579
0.049,3.965
0.048,4.726
0.048,5.531
0.049,3.658
0.048,4.169
0.049,-0.433
0.048,0.464
0.049,-2.003
0.048,-2.206
0.048,-0.853
0.049,-2.614
0.048,-2.875
0.048,-2.625
0.049,-2.255
0.048,-2.734
0.048,-2.879
0.049,-4.226
0.048,-1.794
0.048,0.144
0.049,3.412
0.048,4.092
0.048,1.897
0.048,1.813
0.049,5.012
0.048,6.262
0.048,7.215
0.048,3.809
0.048,1.437
0.048,-1.6
0.049,-3.419
0.048,-4.882
0.048,-4.466
0.048,-1.913
0.048,-2.029
0.048,1.083
0.048,1.452
0.048,2.221
0.048,-0.069
0.048,-6.492
0.048,-8.038
0.048,-8.146
0.048,-3.872
0.048,1.772
0.048,7.37
0.048,9.174
0.048,7.541
0.048,2.997
0.047,-3.025
0.048,-5.514
0.048,-6.907
0.048,-3.942
0.048,-2.629
0.048,0.149
0.048,2.312
0.047,3.059
0.048,4.832
0.048,1.98
0.048,4.508
0.047,0.449
0.048,1.315
0.048,-4.509
0.048,-5.078
0.048,-3.547
0.047,0.005
0.048,1.745
0.047,1.52
0.048,3.951
0.048,4.338
0.047,4.657
0.048,2.633
0.048,0.175
0.047,-2.663
0.048,-3.949
0.047,-2.754
0.048,-1.031
0.048,0.179
0.047,1.757
0.047,3.304
0.048,4.094
0.047,1.635
0.048,-2.19
0.047,-4.588
0.048,-2.015
0.047,0.298
0.048,-1.801
0.047,-6.553
0.048,-7.535
0.047,-5.311
0.047,-0.019
0.048,3.774
0.047,6.23
0.048,5.366
0.047,5.885
0.047,3.067
0.048,-0.537
0.047,-0.203
0.047,-2.468
0.047,-4.89
0.048,-5.864
0.047,-2.112
0.047,3.318
0.047,5.42
0.047,4.286
0.048,1.813
0.047,-2.257
0.047,-2.601
0.047,-4.448
0.047,-4.457
0.047,-0.841
0.048,1.935
0.047,6.949
0.047,9.019
0.047,7.141
0.047,2.401
0.047,-1.148
0.047,-2.336
0.047,-0.819
0.047,1.392
0.047,2.132
0.047,-0.742
0.047,-1.253
0.047,-1.978
0.047,-2.952
0.047,-1.774
0.047,-0.467
0.047,1.583
0.047,0.235
0.047,-0.797
0.047,-2.493
0.047,-3.131
0.047,-1.663
0.047,-0.464
0.046,2.021
0.047,4.324
0.047,5.179
0.047,3.959
0.047,-0.875
0.046,-3.652
0.047,-6.922
0.047,-7.291
0.047,-7.187
0.046,-2.673
0.047,-1.828
0.047,0.673
0.047,3.38
0.046,3.122
0.047,2.675
0.047,1.146
0.046,-0.45
0.047,-3.219
0.047,-4.839
0.046,-4.725
0.047,-4.914
0.047,-3.459
0.046,-1.817
0.047,0.539
0.046,3.487
0.047,5.347
0.047,4.771
0.046,2.412
0.047,4.018
0.046,3.188
0.047,6.661
0.046,8.088
0.047,6.927
0.046,5.374
0.046,2.517
0.047,-2.408
0.047,-3.75
0.046,-3.25
0.046,-2.422
0.047,-0.875
0.046,-5.004
0.046,-6.118
0.047,-5.522
0.046,-2.084
0.046,-1.846
0.047,-2.791
0.046,-4.676
0.047,-2.063
0.046,0.585
0.046,2.872
0.047,1.934
0.046,-0.73
0.046,-4.089
0.046,-3.913
0.046,-2.19
0.047,-0.547
0.046,-0.088
0.046,1.735
0.046,0.455
0.046,3.135
0.047,4.298
0.046,4.381
0.046,2.901
0.046,2.801
0.046,1.28
0.046,0.115
0.046,1.121
0.046,3.124
0.047,4.601
0.046,3.268
0.046,3.101
0.046,-1.294
0.046,1.578
0.046,-2.138
0.046,-2.805
0.046,-2.278
0.046,1.719
0.046,5.172
0.046,5.144
0.046,0.826
0.046,-3.141
0.046,-4.723
0.046,-5.878
0.046,-3.44
0.046,-0.932
0.045,1.071
0.046,2.185
0.046,4.576
0.046,2.863
0.046,0.007
0.046,-1.619
0.046,-2.021
0.045,-1.959
0.046,-3.841
0.046,-5.434
0.046,-5.076
0.046,-3.811
0.045,-2.568
0.046,0.371
0.046,3.698
0.046,3.962
0.045,1.554
0.046,1.837
0.046,0.826
0.045,1.999
0.046,4.331
0.046,2.313
0.045,0.166
0.046,-0.375
0.046,-5.698
0.045,-6.434
0.046,-6.164
0.046,-1.499
0.045,1.51
0.046,3.323
0.045,3.757
0.046,5.782
0.046,5.844
0.045,3.725
0.046,-0.604
0.045,-2.213
0.046,-3.297
0.045,-0.944
0.046,3.214
0.045,5.944
0.046,2.934
0.045,-2.671
0.045,-6.756
0.046,-8.827
0.045,-6.432
0.046,-4.827
0.045,-2.736
0.046,0.299
0.045,1.619
0.045,6.49
0.046,6.12
0.045,4.59
0.045,3.331
0.046,5.761
0.045,4.139
0.045,1.966
0.046,-0.839
0.045,-3.761
0.045,-5.53
0.046,-5.229
0.045,-4.45
0.045,-5.545
0.045,-7.841
0.046,-7.507
0.045,-2.608
0.045,-0.97
0.045,3.813
0.045,7.217
0.045,6.01
0.046,7.012
0.045,5.579
0.045,7.235
0.045,5.831
0.045,1.83
0.046,-0.953
0.045,-3.073
0.045,-0.865
0.045,2.622
0.045,4.693
0.045,4.035
0.045,0.812
0.045,-1.829
0.045,-7.448
0.045,-11.619
0.045,-14.188
0.045,-9.194
0.045,-6.176
0.045,0.062
0.045,0.775
0.045,0.36
0.045,-0.467
0.045,2.095
0.045,4.89
0.045,6.865
0.045,11.392
0.045,11.548
0.045,7.337
0.045,4.385
0.044,1.643
0.045,-1.454
0.045,-6.399
0.045,-8.667
0.045,-11.727
0.044,-5.81
0.045,-4.221
0.045,1.028
0.045,1.661
0.045,2.46
0.045,2.497
0.044,2.947
0.045,3.093
0.045,3.975
0.045,4.536
0.044,4.392
0.045,2.27
0.045,-0.618
0.044,-2.153
0.045,0.464
0.045,-0.442
0.045,-2.532
0.044,-5.921
0.045,-5.499
0.044,-3.006
0.045,-1.197
0.045,-2.344
0.044,-0.979
0.045,-1.878
0.045,-2.043
0.044,0.964
0.045,0.54
0.044,-0.554
0.045,-3.916
0.044,-4.742
0.045,-1.81
0.044,1.507
0.045,2.923
0.045,5.08
0.044,6.332
0.045,1.274
0.044,-2.865
0.044,-5.031
0.045,-3.211
0.044,-0.167
0.045,1.632
0.044,0.858
0.045,0.841
0.044,-0.47
0.044,2.457
0.045,2.86
0.044,3.785
0.045,5.255
0.044,2.889
0.044,3.459
0.045,-0.061
0.044,4.099
0.045,4.646
0.044,2.62
0.044,-1.388
0.044,-5.54
0.045,-6.922
0.044,-4.819
0.044,1.712
0.045,6.39
0.044,6.116
0.044,5.538
0.044,4.032
0.045,3.046
0.044,0.251
0.044,-1.633
0.044,-3.29
0.044,-4.771
0.044,-4.747
0.045,-3.973
0.044,-3.757
0.044,-3.575
0.044,-5.6
0.044,-4.939
0.044,-1.312
0.044,1.686
0.045,2.962
0.044,3.977
0.044,3.681
0.044,-1.951
0.044,-5.34
0.044,-4.514
0.044,-3.655
0.044,2.08
0.044,5.914
0.044,7.144
0.044,3.165
0.044,0.574
0.044,0.382
0.044,1.743
0.044,0.986
0.044,-0.21
0.044,-8.477
0.044,-11.359
0.044,-8.77
0.044,-2.336
0.044,2.417
0.043,1.054
0.044,1.324
0.044,1.716
0.044,5.017
0.044,7.11
0.044,5.726
0.044,1.418
0.044,0.454
0.044,2.071
0.043,-1.822
0.044,-5.869
0.044,-5.54
0.044,-3.688
0.044,-2.873
0.043,-3.091
0.044,-3.785
0.044,-1.945
0.044,0.074
0.043,2.132
0.044,2.084
0.044,6.026
0.044,6.989
0.043,7.391
0.044,4.59
0.044,0.826
0.043,-0.597
0.044,-0.141
0.044,-0.125
0.043,-0.633
0.044,-0.765
0.044,-1.019
0.043,0.86
0.044,0.085
0.044,1.613
0.043,0.649
0.044,-0.032
0.043,-1.886
0.044,-0.589
0.044,0.572
0.043,2.411
0.044,4.04
0.043,2.081
0.044,-2.217
0.043,-1.013
0.044,-0.597
0.043,-1.965
0.044,-2.448
0.043,-4.289
0.044,-4.753
0.043,-1.024
0.044,1.286
0.043,-0.774
0.043,-0.506
0.044,-5.133
0.043,-5.676
0.044,-8.517
0.043,-5.527
0.044,-2.41
0.043,0.293
0.044,4.927
0.043,5.783
0.043,7.743
0.044,3.774
0.043,2.105
0.043,1.058
0.044,1.501
0.043,0.63
0.043,-2.744
0.043,-2.456
0.044,-1.498
0.043,1.425
0.043,2.093
0.044,5.703
0.043,6.736
0.043,4.812
0.043,3.797
0.044,2.891
0.043,1.314
0.043,-1.901
0.043,-3.656
0.044,-6.958
0.043,-7.403
0.043,-5.937
0.043,-5.209
0.043,-4.882
0.043,-1.062
0.044,1.16
0.043,4.318
0.043,6.883
0.043,5.334
0.043,3.113
0.043,1.703
0.043,1.266
0.044,2.098
0.042,3.237
0.044,0.6
0.043,-1.268
0.043,-2.574
0.043,-2.548
0.043,0.852
0.043,0.12
0.043,0.172
0.043,-1.356
0.043,-2.157
0.043,-0.355
0.043,-1.722
0.043,-4.085
0.043,-0.869
0.043,0.907
0.043,-1.183
0.043,-2.726
0.043,-2.789
0.043,2.709
0.043,5.222
0.043,4.643
0.042,3.074
0.043,1.195
0.043,1.424
0.043,-3.289
0.043,-5.546
0.043,-6.004
0.043,-1.033
0.043,-1.963
0.042,-1.565
0.043,0.137
0.043,-0.638
0.043,-0.016
0.043,-3.293
0.043,-2.887
0.043,-1.425
0.042,1.569
0.043,2.106
0.043,3.541
0.043,1.916
0.042,-0.758
0.043,-1.231
0.043,-1.048
0.043,2.033
0.042,5.776
0.043,8.977
0.043,7.458
0.042,4.848
0.043,1.626
0.043,-0.334
0.042,-0.705
0.043,-0.221
0.043,-1.747
0.042,-1.796
0.043,-4.596
0.043,-7.22
0.042,-8.29
0.043,-5.595
0.043,-1.341
0.042,1.055
0.043,2.319
0.042,6.63
0.043,11.635
0.043,12.179
0.042,6.323
0.043,1.033
0.042,-3.227
0.043,-8.353
0.042,-9.245
0.043,-7.441
0.042,-5.144
0.043,-2.55
0.042,-3.778
0.043,-3.972
0.042,-3.408
0.043,-1.272
0.042,-2.41
0.043,1.753
0.042,2.836
0.042,4.831
0.043,2.908
0.042,-0.833
0.043,-1.728
0.042,-2.814
0.042,-2.215
0.043,-0.916
0.042,3.277
0.042,6.396
0.042,9.101
0.043,6.784
0.042,2.512
0.042,1.146
0.042,-1.548
0.042,-3.275
0.043,-4.029
0.042,-3.265
0.042,-0.545
0.042,0.424
0.042,-0.028
0.017,177.683
h
2.091
l
0.02,-162.203
0.041,-2.977
0.042,-2.279
0.041,0.485
0.041,-1.07
0.042,-1.176
0.041,-1.507
0.041,-3.486
0.041,-2.454
0.042,0.865
0.041,1.345
0.041,-2.801
0.041,-3.009
0.041,-3.016
0.042,0.661
0.041,4.119
0.041,5.104
0.041,4.674
0.041,2.082
0.041,-0.933
0.041,-3.435
0.041,-8.634
0.041,-8.41
0.041,-3.897
0.041,0.453
0.041,3.885
0.041,3.755
0.041,3.52
0.041,5.009
0.041,3.408
0.041,1.207
0.041,-0.391
0.041,1.315
0.041,2.566
0.041,0.706
0.04,-0.861
0.041,-0.357
0.041,-0.559
0.041,-2.344
0.041,-1.326
0.041,0.476
0.04,1.647
0.041,0.335
0.041,2.457
0.04,3.849
0.041,2.404
0.041,-2.385
0.041,-6.847
0.04,-8.145
0.041,-3.366
0.041,-2.079
0.04,1.115
0.041,1.817
0.041,0.765
0.04,-1.875
0.041,-3.338
0.04,-1.476
0.041,2.005
0.04,4.779
0.041,4.712
0.04,3.296
0.041,-0.547
0.04,-1.052
0.041,-0.902
0.04,-1.013
0.041,0.776
0.04,0.506
0.04,0.029
0.041,-3.488
0.04,-4.576
0.041,-7.077
0.04,-3.545
0.04,-0.709
0.041,0.841
0.04,2.926
0.04,2.207
0.04,1.228
0.041,-0.614
0.04,-0.253
0.04,1.044
0.04,2.815
0.041,2.315
0.04,-0.108
0.04,-2.73
0.04,-1.954
0.04,-1.262
0.041,0.035
0.04,0.901
0.04,2.572
0.04,1.128
0.04,0.83
0.04,1.647
0.04,1.826
0.04,4.53
0.04,5.877
0.041,3.653
0.039,2.728
0.041,3.61
0.04,2.274
0.039,1.422
0.04,1.664
0.04,0.869
0.04,-0.032
0.04,1.235
0.04,-1.359
0.04,-3.377
0.04,-7.083
0.04,-7.351
0.04,-4.571
0.04,-3.097
0.039,-0.023
0.04,0.952
0.04,-0.787
0.04,-4.274
0.04,-5.882
0.039,-4.092
0.04,-1.18
0.04,0.169
0.04,-0.608
0.04,-0.601
0.039,0.222
0.04,0.54
0.04,2.713
0.039,3.554
0.04,1.327
0.039,0.594
0.04,-0.287
0.04,-3.602
0.039,-3.654
0.04,-0.948
0.04,-2.485
0.039,1.106
0.04,1.109
0.039,5.239
0.04,3.382
0.039,3.494
0.04,1.391
0.039,-0.051
0.04,0.04
0.039,0.435
0.04,1.216
0.039,1.852
0.039,1.544
0.04,2.767
0.039,5.722
0.04,0.371
0.039,-3.373
0.039,-7.339
0.04,-4.902
0.039,0.009
0.039,4.656
0.04,5.34
0.039,3.698
0.039,3.327
0.04,2.534
0.039,2.932
0.039,4.651
0.039,2.263
0.04,0.666
0.039,-2.744
0.039,-2.938
0.039,-3.207
0.039,-3.522
0.039,-4.416
0.04,-4.633
0.039,-3.525
0.039,-1.547
0.039,1.752
0.039,2.809
0.039,2.626
0.039,0.183
0.039,-1.857
0.039,-4.031
0.039,-3.432
0.04,-4.66
0.039,-2.089
0.038,1.193
0.04,1.419
0.038,1.188
0.039,0.175
0.039,-2.951
0.039,-4.274
0.039,-3.204
0.039,-2.619
0.039,-1.446
0.039,-1.411
0.039,-1.488
0.039,1.372
0.039,3.059
0.038,3.013
0.039,4.124
0.039,2.367
0.039,2.646
0.039,0.507
0.038,0.304
0.039,0.314
0.039,2.299
0.039,2.245
0.038,2.478
0.039,1.832
0.039,-1.381
0.039,-3.102
0.038,-3.359
0.039,-0.611
0.039,2.181
0.038,0.004
0.039,-0.288
0.038,-0.503
0.039,-0.789
0.039,0.147
0.038,2.095
0.039,2.452
0.038,1.8
0.039,4.782
0.038,8.518
0.039,8.096
0.039,5.196
0.038,1.773
0.039,0.205
0.038,0.677
0.039,-2.861
0.038,-6.283
0.039,-5.648
0.038,-3.456
0.038,0.359
0.039,2.287
0.213,161.103
h
1.761
l
0.007,-152.576
0.038,2.685
0.038,-0.317
0.038,-2.893
0.037,-2.875
0.038,-3.925
0.038,-1.69
0.038,-4.136
0.037,-5.344
0.038,-2.361
0.038,6.351
0.037,-1.776
0.038,0.27
0.038,-0.523
0.037,3.633
0.038,6.603
0.038,10.964
0.037,2.464
0.038,-4.447
0.038,-9.939
0.037,-1.309
0.038,-13.256
0.037,-1.066
0.038,4.015
0.037,-1.262
0.038,5.136
0.037,-2.236
0.038,-3.995
0.037,-1.058
0.038,-7.218
0.037,1.964
0.038,4.371
0.037,1.887
0.038,3.139
0.037,3.193
0.038,0.921
0.037,-0.24
0.038,-0.892
0.037,-4.554
0.037,-4.176
0.038,-4.458
0.037,-2.367
0.037,-1.079
0.038,1.468
0.037,5.88
0.037,6.776
0.038,4.791
0.037,-0.214
0.037,-0.717
0.038,-1.223
0.037,-3.733
0.037,-5.45
0.037,-8.459
0.037,-6.339
0.038,-0.944
0.037,6.008
0.037,5.444
0.037,7.348
0.037,8.505
0.038,6.349
0.037,6.249
0.037,4.873
0.037,4.853
0.037,2.634
0.037,-2.68
0.037,-7.24
0.038,-8.486
0.037,-10.26
0.037,-8.398
0.037,-5.657
0.037,-1.496
0.037,3.793
0.037,-1.619
0.037,1.501
0.037,2.503
0.037,1.258
0.037,1.082
0.037,-3.607
0.037,-2.547
0.037,-0.282
0.037,5.329
0.037,3.99
0.036,2.101
0.037,-3.049
0.037,-1.861
0.037,-0.562
0.037,-0.579
0.037,-0.302
0.037,-2.99
0.037,0.467
0.037,2.146
0.036,0.328
0.037,1.105
0.037,3.317
0.037,3.274
0.037,4.308
0.036,0.747
0.037,-0.168
0.037,-5.176
0.037,-3.298
0.036,0.445
0.037,1.782
0.037,4.276
0.037,2.009
0.036,0.974
0.037,1.628
0.037,3.591
0.036,5.988
0.037,5.287
0.037,0.026
0.036,-4.555
0.037,-7.374
0.036,-4.002
0.037,2.285
0.037,4.43
0.036,1.003
0.037,-1.582
0.036,-7.542
0.037,-5.596
0.036,-7.92
0.037,-6.944
0.037,-4.299
0.036,-2.881
0.036,1.92
0.037,1.712
0.036,-0.286
0.037,1
0.036,2.981
0.037,1.197
0.036,4.801
0.037,6.982
0.036,8.55
0.037,7.896
0.036,4.51
0.037,4.115
0.036,1.688
0.036,-3.099
0.037,-1.716
0.036,-5.733
0.036,-5.236
0.037,-3.004
0.036,-0.615
0.036,-0.081
0.037,0.297
0.036,-0.513
0.036,1.323
0.037,3.095
0.036,5.3
0.036,6.682
0.037,4.11
0.036,0.776
0.036,-0.163
0.036,-1.98
0.037,-5.652
0.036,-6.8
0.036,-7.988
0.036,-5.387
0.037,-2.118
0.036,-0.05
0.036,3.41
0.036,2.902
0.036,2.342
0.036,1.622
0.037,1.798
0.036,1.734
0.036,-2.741
0.036,-2.086
0.036,-2.575
0.036,-0.663
0.036,1.539
0.037,3.298
0.036,5.548
0.036,6.759
0.036,3.237
0.036,-0.234
0.036,-4.041
0.036,-8.564
0.036,-8.53
0.036,-8.104
0.036,-4.185
0.036,1.11
0.036,0.984
0.036,2.872
0.036,4.327
0.036,8.491
0.036,7.659
0.036,7.649
0.036,3.342
0.036,0.737
0.036,-3.151
0.036,-7.173
0.036,-8.927
0.036,-8.467
0.036,-4.807
0.036,-5.168
0.036,1.586
0.036,4.621
0.036,5.899
0.035,4.872
0.036,-1.593
0.036,-1.146
0.036,0.145
0.036,3.848
0.036,5.1
0.036,3.578
0.035,0.936
0.036,-2.415
0.036,-3.011
0.036,-3.23
0.036,-0.386
0.035,0.284
0.036,0.087
0.036,-2.001
0.036,-1.848
0.035,-1.787
0.036,3.685
0.036,2.768
0.036,4.546
0.035,3.969
0.036,0.654
0.036,-0.417
0.036,0.391
0.035,-0.508
0.036,-4.6
0.036,-4.947
0.035,-4.829
0.036,-0.312
0.036,2.386
0.035,4.538
0.036,2.535
0.036,0.351
0.035,-2.797
0.036,-8.287
0.035,-9.772
0.036,-6.548
0.035,-5.7
0.036,0.868
0.036,1.037
0.035,-0.786
0.036,2.034
0.035,3.964
0.036,4.559
0.035,7.284
0.036,3.61
0.035,0.189
0.036,-0.036
0.036,-1.679
0.035,-5.836
0.036,-6.858
0.035,-5.824
0.035,-1.337
0.036,-0.259
0.035,0.69
0.036,0.55
0.035,3.351
0.036,5.25
0.035,3.441
0.036,-3.752
0.035,-6.375
0.036,-4.07
0.035,0.881
0.035,10.953
0.036,16.507
0.035,11.508
0.035,5.91
0.036,1.863
0.035,1.105
0.035,1.913
0.036,0.396
0.035,-0.081
0.035,1.113
0.036,-2.384
0.035,-3.804
0.035,-4.994
0.036,-6.521
0.035,-6.973
0.035,-6.146
0.035,-5.099
0.036,-1.256
0.035,-0.118
0.035,2.941
0.036,4.329
0.035,7.208
0.035,5.8
0.035,5.807
0.035,1.477
0.036,-2.541
0.035,-3.398
0.035,-8.502
0.035,-9.885
0.035,-8.618
0.035,-0.939
0.036,3.13
0.035,3.105
0.035,1.949
0.035,-0.721
0.035,-2.859
0.035,-1.861
0.035,3.445
0.035,1.685
0.036,4.056
0.035,2.861
0.035,2.204
0.035,1.586
0.035,2.942
0.035,2.632
0.035,-1.333
0.035,-2.383
0.035,-5.115
0.035,-4.233
0.035,-2.46
0.035,-3.694
0.035,-2.424
0.035,-3.006
0.035,-0.118
0.035,3.027
0.035,5.035
0.035,1.567
0.035,1.786
0.035,2.516
0.035,5.698
0.035,7.201
0.035,9.373
0.035,6.559
0.035,2.414
0.035,-0.599
0.035,-2.676
0.035,-2.368
0.034,-4.94
0.035,-3.569
0.035,-5.216
0.035,-3.764
0.035,-1.862
0.035,1.079
0.035,3.579
0.034,3.173
0.035,1.302
0.035,1.601
0.035,0.92
0.035,-2.729
0.034,-5.466
0.035,-7.375
0.035,-6.968
0.035,-4.773
0.035,-2.756
0.034,0.04
0.035,-0.036
0.035,-0.776
0.035,-1.875
0.035,-2.013
0.034,-0.022
0.035,0.989
0.035,3.82
0.034,6.816
0.035,9.387
0.035,8.073
0.035,6.404
0.034,3.377
0.035,-0.108
0.034,-3.806
0.035,-5.46
0.035,-3.388
0.034,-2.284
0.035,1.744
0.035,3.06
0.034,2.368
0.035,-2.483
0.035,-3.921
0.034,-5.502
0.035,-4.54
0.034,-3.337
0.035,-3.461
0.035,-4.617
0.034,-2.524
0.035,-0.838
0.034,2.807
0.035,0.763
0.034,-0.09
0.035,0.379
0.034,-1.743
0.035,0.009
0.034,1.697
0.035,1.441
0.034,0.847
0.035,-0.038
0.034,1.963
0.035,2.365
0.034,1.147
0.035,2.069
0.034,3.172
0.035,1.078
0.034,0.839
0.035,-0.593
0.034,-0.469
0.035,1.804
0.034,2.718
0.034,2.513
0.035,-1.803
0.034,-2.585
0.035,-4.025
0.034,-3.229
0.034,-1.522
0.035,1.972
0.034,3.507
0.034,6.457
0.035,4.866
0.034,4.046
0.034,0.872
0.035,-2.909
0.034,-3.676
0.034,-1.862
0.035,0.2
0.034,0.739
0.034,2.187
0.035,3.037
0.034,3.128
0.034,-1.108
0.034,-2.435
0.035,-3.776
0.034,-2.202
0.034,0.812
0.034,2.056
0.035,1.511
0.034,-0.337
0.034,-2.684
0.034,-3.621
0.034,-5.465
0.035,-4.77
0.034,-2.352
0.034,0.827
0.034,3.049
0.034,4.203
0.035,1.517
0.034,-1.624
0.034,-2.023
0.034,-3.802
0.034,-2.325
0.034,-0.246
0.034,0.917
0.035,1.795
0.034,-0.194
0.034,-0.98
0.034,-0.646
0.034,2.212
0.034,3.193
0.034,4.277
0.034,2.707
0.034,2.529
0.034,-2.065
0.034,0.389
0.034,-2.29
0.034,-0.24
0.035,-0.108
0.034,2.573
0.034,2.981
0.034,-0.041
0.034,-1.008
0.034,-1.854
0.034,-0.654
0.034,-3.405
0.034,-3.71
0.034,-2.529
0.033,0.146
0.034,2.364
0.034,4.06
0.034,4.09
0.034,2.682
0.034,4.379
0.034,2.276
0.034,-1.798
0.034,-8.613
0.034,-6.322
0.034,-7.663
0.034,-6.487
0.034,-5.322
0.033,-1.693
0.034,1.543
0.034,3.596
0.034,6.386
0.034,7.089
0.034,4.63
0.034,1.431
0.033,-0.129
0.034,0.591
0.034,2.608
0.034,2.997
0.034,4.837
0.034,2.711
0.033,1.011
0.034,-2.402
0.034,-2.201
0.034,-4.632
0.033,-4.871
0.034,-3.849
0.034,-1.136
0.034,2.829
0.033,6.726
0.034,8.459
0.034,5.733
0.034,0.795
0.033,-1.89
0.034,-4.233
0.034,-4.874
0.033,-4.464
0.034,-5.88
0.034,-6.791
0.034,-5.825
0.033,-3.037
0.034,-1.148
0.034,-0.377
0.033,0.49
0.034,3.34
0.033,5.779
0.034,8.249
0.034,4.853
0.033,-0.225
0.034,-3.181
0.034,-5.237
0.033,-5.239
0.034,-2.951
0.033,-0.38
0.034,3.876
0.034,3.998
0.033,1.852
0.034,3.214
0.033,1.38
0.034,-0.739
0.033,-1.812
0.034,-3.196
0.033,-5.192
0.034,-5.125
0.034,-3.881
0.033,0.032
0.034,-1.866
0.033,0.886
0.034,0.396
0.033,0.989
0.034,2.626
0.033,6.438
0.033,9.519
0.034,6.965
0.033,0.427
0.034,-2.144
0.033,-2.368
0.034,0.634
0.033,1.352
0.033,2.151
0.034,3.929
0.033,4.119
0.033,2.668
0.034,0.911
0.033,1.29
0.033,2.55
0.033,2.801
0.034,1.324
0.033,-0.987
0.033,-2.194
0.033,-4.314
0.034,-4.98
0.033,-6.24
0.033,-6.215
0.033,-3.803
0.033,-3.088
0.033,-2.955
0.034,-3.814
0.033,-1.311
0.033,2.225
0.033,2.013
0.033,-1.919
0.033,-6.676
0.033,-6.346
0.033,-2.39
0.033,-0.625
0.033,-0.626
0.033,-0.979
0.033,-0.751
0.033,0.545
0.033,-0.308
0.033,0.576
0.033,4.528
0.033,9.054
0.033,7.833
0.033,2.367
0.032,-1.351
0.033,1.124
0.033,0.54
0.033,-1.163
0.033,-2.58
0.033,-0.431
0.032,1.076
0.033,4.459
0.033,2.792
0.033,1.006
0.032,2.528
0.033,3.674
0.033,3.298
0.033,2.424
0.032,0.936
0.033,-4.22
0.033,-6.13
0.032,-7.136
0.033,-8.944
0.033,-8.081
0.032,-4.427
0.033,0.56
0.032,6.04
0.033,7.898
0.033,9.784
0.032,7.697
0.033,5.524
0.032,3.593
0.033,0.985
0.032,-0.656
0.033,-0.254
0.032,-0.367
0.033,-1.958
0.032,-2.115
0.032,-2.61
0.033,-4.822
0.032,-4.306
0.033,-3.121
0.032,1.955
0.033,4.624
0.032,2.494
0.032,-1.815
0.033,-4.815
0.032,-5.574
0.032,-5.111
0.032,-2.986
0.033,3.742
0.032,7.468
0.032,6.129
0.033,3.896
0.032,-0.539
0.032,-2.505
0.032,-7.47
0.032,-4.495
0.033,-3.803
0.032,1.414
0.032,0.458
0.032,0.144
0.032,0.944
0.032,1.929
0.033,2.298
0.032,1.041
0.032,-4.649
0.032,-2.402
0.032,0.659
0.032,1.526
0.032,3.809
0.032,-2.388
0.032,0.151
0.032,4.037
0.032,8.011
0.032,9.946
0.032,5.38
0.032,0.273
0.032,-2.705
0.032,-6.096
0.032,-8.917
0.032,-8.317
0.031,-4.517
0.032,2.119
0.032,4.363
0.032,4.243
0.032,2.818
0.032,-0.077
0.032,-1.904
0.031,-4.602
0.032,-2.769
0.032,0.4
0.032,-0.68
0.031,2.403
0.032,0.614
0.032,-1.477
0.032,-0.226
0.031,-3.137
0.032,-5.396
0.032,-6.034
0.032,-3.669
0.031,-1.072
0.032,-1.371
0.031,-1.898
0.032,1.967
0.032,5.477
0.031,6.2
0.032,2.931
0.031,1.789
0.032,-0.597
0.032,-1.481
0.031,-0.303
0.032,0.952
0.031,2.295
0.032,1.602
0.031,-0.067
0.032,2.625
0.031,1.878
0.032,-0.23
0.031,-1.636
0.031,-2.484
0.032,-1.072
0.031,-0.781
0.032,-0.718
0.031,1.402
0.032,4.236
0.031,5.309
0.031,2.095
0.032,-0.999
0.031,-3.773
0.031,-3.732
0.031,-0.488
0.032,4.463
0.031,3.484
0.031,0.469
0.032,-4.733
0.031,-2.908
0.031,-3.956
0.031,-2.223
0.032,-0.224
0.031,1.16
0.031,2.697
0.031,2.741
0.031,2.428
0.032,0.214
0.031,-1.176
0.031,-1.834
0.031,-2.359
0.031,0.519
0.031,3.096
0.031,5.66
0.031,4.958
0.031,3.842
0.031,1.317
0.031,-0.228
0.032,-1.934
0.031,1.273
0.031,4.912
0.031,3.122
0.03,3.702
0.031,0.587
0.032,-0.126
0.03,-0.973
0.031,-3.763
0.031,-7.968
0.031,-9.402
0.031,-7.091
0.031,-2.342
0.031,3.285
0.031,3.443
0.031,1.255
0.031,-2.98
0.03,-6.008
0.031,-6.532
0.031,-3.33
0.031,-0.674
0.031,1.806
0.03,7.085
0.031,6.014
0.031,2.465
0.031,-3.437
0.03,-7.099
0.031,-7.578
0.031,-6.116
0.03,-3.313
0.031,-0.558
0.031,0.925
0.031,3.082
0.03,6.897
0.031,9.544
0.03,8.876
0.031,4.072
0.031,1.598
0.03,-0.883
0.031,-1.593
0.031,-2.969
0.03,-2.854
0.031,-1.387
0.03,-1.846
0.031,-0.243
0.03,0.379
0.031,0.895
0.03,-1.372
0.031,-3.362
0.03,-7.076
0.031,-5.283
0.03,-1.493
0.031,1.321
0.03,2.019
0.031,2.812
0.03,2.496
0.03,2.685
0.031,3.321
0.03,1.88
0.031,-0.908
0.03,-1.471
0.03,0.279
0.031,0.599
0.03,0.899
0.03,0.02
0.031,1.71
0.03,3.63
0.03,4.641
0.03,2.955
0.031,0.107
0.03,-0.72
0.03,1.575
0.03,0.72
0.031,2.924
0.03,1.462
0.03,-3.853
0.03,-4.542
0.03,-2.172
0.031,-0.935
0.03,0.214
0.03,-0.627
0.03,-1.82
0.03,-4.787
0.03,-0.808
0.03,1.716
0.031,2.497
0.03,3.348
0.03,5.438
0.03,3.448
0.03,1.033
0.03,-1.031
0.03,-6.094
0.03,-5.417
0.03,-1.051
0.03,2.743
0.03,7.347
0.03,4.63
0.03,-0.126
0.03,-3.532
0.03,-4.67
0.03,-0.523
0.03,2.827
0.03,5.091
0.029,3.417
0.03,0.429
0.03,-2.876
0.03,-6.94
0.03,-7.314
0.03,-5.561
0.03,-4.571
0.029,-2.367
0.03,-2.791
0.03,-1.236
0.03,-3.441
0.03,-0.49
0.029,-0.211
0.03,2.654
0.03,4.74
0.03,4.329
0.029,2.132
0.03,-0.145
0.03,-4.306
0.03,-4.018
0.029,-3.314
0.03,-2.903
0.03,-3.014
0.029,-0.032
0.03,1.763
0.03,1.045
0.029,0.975
0.03,0.478
0.03,4.581
0.029,9.642
0.03,12.112
0.029,5.417
0.03,-0.91
0.03,-5.561
0.029,-5.193
0.03,-4.878
0.029,-4.027
0.03,-0.954
0.029,2.032
0.03,8.654
0.029,9.69
0.03,7.554
0.029,5.784
0.03,3.552
0.029,2.24
0.03,0.349
0.029,0.713
0.029,-0.589
0.03,-0.435
0.029,-1.412
0.029,-1.232
0.03,-1.272
0.029,-0.482
0.03,1.445
0.029,0.455
0.029,-4.53
0.03,-7.888
0.029,-11.652
0.029,-13.167
0.03,-8.658
0.029,-6.187
0.029,-3.974
0.029,-0.83
0.03,3.538
0.029,5.088
0.029,5.681
0.029,4.617
0.03,1.838
0.029,0.351
0.029,-0.876
0.029,-5.88
0.029,-4.5
0.03,-1.726
0.029,1.301
0.029,1.453
0.029,0.507
0.029,-1.846
0.029,1.674
0.029,2.878
0.03,2.666
0.029,2.674
0.029,2.5
0.029,3.399
0.029,5.122
0.029,0.474
0.029,-2.369
0.029,-4.217
0.029,-0.39
0.029,1.584
0.029,2.375
0.029,1.386
0.029,2.664
0.029,1.935
0.029,1.062
0.029,-2.445
0.029,-2.138
0.029,0.387
0.03,6.502
0.028,5.845
0.029,2.597
0.029,-2.387
0.029,-7.057
0.029,-11.992
0.029,-8.064
0.029,-1.49
0.029,5.358
0.029,6.334
0.029,8.209
0.029,7.959
0.029,8.372
0.029,4.925
0.029,2.027
0.029,-1.048
0.029,-4.929
0.029,-7.769
0.029,-9.666
0.029,-6.983
0.029,-3.907
0.028,-2.802
0.029,-3.906
0.029,-2.596
0.029,0.917
0.029,0.769
0.029,4.032
0.029,0.889
0.029,0.326
0.028,1.678
0.029,1.831
0.029,7.035
0.029,5.127
0.029,4.4
0.029,-0.857
0.028,-6.025
0.029,-9.933
0.029,-8.286
0.029,-3.18
0.029,2.163
0.029,5.928
0.028,6.166
0.029,-0.732
0.029,-6.752
0.029,-6.836
0.028,-2.227
0.029,-1.088
0.029,-0.283
0.029,-2
0.028,-2.557
0.029,1.907
0.029,3.084
0.029,5.141
0.028,6.108
0.029,4.881
0.029,6.216
0.029,2.635
0.028,1.663
0.029,2.962
0.029,0.173
0.028,-2.015
0.029,-4.354
0.029,-4.159
0.028,1.106
0.029,4.044
0.029,6.776
0.028,5.639
0.029,3.665
0.029,-0.166
0.028,-1.296
0.029,-4.437
0.029,-2.75
0.028,-3.621
0.029,-3.702
0.029,-1.61
0.028,0.401
0.029,2.267
0.028,1.484
0.029,2.239
0.029,0.852
0.028,-0.237
0.029,-2.101
0.028,-3.261
0.029,-7.502
0.028,-6.718
0.029,-7.321
0.029,-5.272
0.028,-3.256
0.029,-1.184
0.028,2.913
0.029,3.197
0.028,3.45
0.029,2.133
0.028,0.019
0.029,-3.892
0.029,-1.67
0.028,-2.599
0.029,2.739
0.028,3.442
0.028,7.004
0.029,7.421
0.028,4.73
0.029,-0.456
0.028,-1.245
0.029,-0.44
0.028,0.985
0.029,1.914
0.028,1.691
0.029,-2.428
0.028,-3.269
0.029,-2.413
0.028,-2.657
0.029,0.31
0.028,-1.381
0.028,-2.311
0.029,-1.56
0.028,0.844
0.029,2.207
0.028,0.31
0.028,-0.411
0.029,2.875
0.028,2.932
0.029,3.339
0.028,3.905
0.028,3.569
0.029,1.019
0.028,2.711
0.028,-0.099
0.029,-1.951
0.028,-2.267
0.029,-5.031
0.028,-6.559
0.028,-5.208
0.029,-2.9
0.028,-2.2
0.028,0.219
0.028,1.765
0.029,5.955
0.028,8.463
0.028,3.797
0.029,4.147
0.028,0.674
0.028,3.813
0.029,-0.193
0.028,-1.695
0.028,-1.866
0.028,-7.26
0.029,-4.47
0.028,-4.264
0.028,0.386
0.028,2.041
0.029,-0.476
0.028,0.554
0.028,0.437
0.028,0.317
0.029,-2.643
0.028,-4.15
0.028,-1.596
0.028,4.525
0.028,0.482
0.029,-4.416
0.028,-8.44
0.028,-5.313
0.028,1.318
0.028,5.864
0.029,5.102
0.028,5.241
0.028,4.617
0.028,2.814
0.028,1.813
0.028,-0.097
0.029,-2.993
0.028,-1.686
0.028,0.179
0.028,2.698
0.028,3.576
0.028,0.932
0.028,-2.352
0.028,-1.559
0.029,-2.182
0.028,-1.472
0.028,-2.504
0.028,-1.922
0.028,0.51
0.028,-0.53
0.028,-1.231
0.028,-1.904
0.028,-5.037
0.028,-4.835
0.028,-4.036
0.028,-1.196
0.028,2.055
0.029,10.178
0.028,10.52
0.028,11.044
0.028,5.444
0.028,0.792
0.028,-0.406
0.028,-3.213
0.028,-2.508
0.028,-3.813
0.028,-6.711
0.028,-7.293
0.028,-6.052
0.028,-0.902
0.028,4.53
0.028,4.812
0.028,1.572
0.028,3.774
0.028,1.768
0.028,1.004
0.028,0.181
0.027,1.219
0.028,-2.471
0.028,-3.053
0.028,-2.182
0.028,0.772
0.028,1.496
0.028,-0.827
0.028,-4.374
0.028,-2.665
0.028,1.152
0.028,5.039
0.028,1.687
0.028,-4.445
0.028,-4.108
0.027,-2.806
0.028,1.257
0.028,2.166
0.028,2.416
0.028,1.711
0.028,1.495
0.028,1.519
0.027,-0.003
0.028,-4.252
0.028,-5.755
0.028,-6.005
0.028,-5.311
0.028,-6.063
0.028,-3.489
0.027,-3.066
0.028,0.723
0.028,3.648
0.028,6.224
0.028,11.138
0.027,14.016
0.028,12.049
0.028,7.922
0.028,3.398
0.028,0.412
0.027,0.272
0.028,-1.622
0.028,-4.064
0.028,-10.83
0.027,-12.428
0.028,-6.897
0.028,0.668
0.028,5.227
0.027,6.128
0.028,2.66
0.028,0.448
0.028,0.221
0.027,0.434
0.028,1.965
0.028,2.365
0.027,2.643
0.028,2.002
0.028,0.123
0.028,0.124
0.027,-2.06
0.028,-1.33
0.028,-1.352
0.027,-3.624
0.028,-4.568
0.028,-1.438
0.027,-2.669
0.028,-1.002
0.028,-4.514
0.027,-6.893
0.028,-6.653
0.028,-3.492
0.027,-0.147
0.028,2.693
0.028,2.537
0.027,-0.471
0.028,-1.564
0.027,-2.112
0.028,-2.055
0.028,0.799
0.027,2.329
0.028,4.922
0.027,2.407
0.028,3.688
0.028,4.116
0.027,1.733
0.028,2.911
0.027,3.432
0.028,0.169
0.028,2.727
0.027,4.169
0.028,8.022
0.027,6.902
0.028,4.243
0.027,-0.024
0.028,-6.182
0.027,-9.443
0.028,-11.229
0.027,-9.063
0.028,-3.021
0.027,-0.322
0.028,10e-4
0.027,-1.242
0.028,-2.386
0.027,-2.772
0.028,0.669
0.027,2.685
0.028,8.688
0.027,9.379
0.028,4.546
0.027,0.906
0.028,-3.092
0.027,-2.658
0.028,-0.426
0.027,2.685
0.028,3.447
0.027,2.567
0.027,-2.657
0.028,-6.449
0.027,-7.135
0.028,-4.924
0.027,-3.181
0.028,-0.35
0.027,2.349
0.027,5.877
0.028,6.384
0.027,5.983
0.028,3.148
0.027,-0.533
0.027,-0.967
0.028,-0.994
0.027,-0.113
0.027,-3.337
0.028,-4.251
0.027,-4.631
0.028,-3.888
0.027,-3.353
0.027,-1.273
0.027,-1.024
0.028,0.223
0.027,-1.542
0.027,0.748
0.028,1.395
0.027,1.151
0.027,0.89
0.028,0.396
0.027,1.471
0.027,0.845
0.027,3.719
0.028,1.507
0.027,-0.795
0.027,-2.254
0.027,-2.199
0.028,-4.769
0.027,-5.614
0.027,-4.178
0.027,0.376
0.027,3.971
0.027,5.468
0.028,6.657
0.027,6.227
0.027,7.551
0.027,5.399
0.027,3.131
0.027,1.906
0.027,0.162
0.028,0.358
0.027,-0.231
0.027,-2.199
0.027,-4.376
0.027,-2.837
0.027,-0.34
0.027,4.776
0.027,4.801
0.027,2.511
0.027,-2.738
0.027,-6.161
0.028,-8.736
0.027,-6.541
0.027,-4.297
0.027,-0.296
0.027,3.417
0.027,5.213
0.027,2.232
0.027,-0.553
0.027,-0.473
0.027,2.37
0.027,0.574
0.027,-0.8
0.027,-5.95
0.027,-5.122
0.026,-4.496
0.027,-1.794
0.027,-1.3
0.027,-0.306
0.027,-1.128
0.027,-1.267
0.027,-3.492
0.027,-5.3
0.027,-5.11
0.027,-2.266
0.027,0.418
0.026,1.032
0.027,2.507
0.027,1.203
0.027,1.981
0.027,2.005
0.027,4.7
0.027,3.093
0.026,3.094
0.027,3.878
0.027,5.262
0.027,4.243
0.027,2.404
0.026,2.007
0.027,0.399
0.027,2.693
0.027,1.343
0.026,-0.202
0.027,0.217
0.027,1.067
0.027,1.385
0.026,2.432
0.027,2.425
0.027,1.831
0.027,1.521
0.026,1.48
0.027,0.265
0.027,-0.062
0.026,-3.393
0.027,-5.348
0.027,-5.952
0.026,-2.709
0.027,-2.716
0.027,-2.905
0.026,-5.222
0.027,-4.771
0.027,-3.49
0.026,-3.2
0.027,-0.806
0.027,0.207
0.026,-0.101
0.027,-1.885
0.026,-2.029
0.027,1.62
0.027,5.803
0.026,8.286
0.027,8.096
0.026,4.781
0.027,0.71
0.026,-2.64
0.027,-3.827
0.027,-3.792
0.026,-1.933
0.027,0.475
0.026,0.868
0.027,-1.738
0.026,-3.789
0.027,-7.537
0.026,-7.428
0.027,-5.278
0.026,-3.112
0.026,1.478
0.027,4.154
0.026,9.009
0.027,10.795
0.026,8.828
0.027,6.497
0.026,4.625
0.027,3.595
0.026,1.939
0.026,-1.51
0.027,-3.165
0.026,-5.718
0.027,-5.842
0.026,-3.774
0.026,-3.271
0.027,-2.951
0.026,-2.33
0.027,-1.243
0.026,0.26
0.026,4.019
0.027,6.336
0.026,6.564
0.026,6.294
0.027,3.515
0.026,1.384
0.026,-2.244
0.027,-2.931
0.026,-3.555
0.026,-2.844
0.026,-2.248
0.027,-0.079
0.026,-1.458
0.026,-2.892
0.026,-2.938
0.027,-4.061
0.026,-2.867
0.026,-1.788
0.026,1.046
0.027,1.089
0.026,-0.416
0.026,-3.356
0.026,-3.042
0.026,-3.929
0.027,-0.971
0.026,1.062
0.026,2.811
0.026,4.276
0.026,3.356
0.027,0.407
0.026,-3.228
0.026,-4.33
0.026,-1.016
0.026,2.035
0.026,5.158
0.026,5.809
0.027,2.942
0.026,2.104
0.026,2.291
0.026,4.717
0.026,6.711
0.026,5.808
0.026,1.566
0.026,-1.603
0.026,-6.832
0.026,-7.746
0.026,-7.457
0.026,-7.099
0.026,-5.178
0.027,-3.397
0.026,-0.296
0.026,1.515
0.026,1.98
0.026,-2.065
0.026,-1.607
0.026,-0.103
0.026,3.401
0.026,7.363
0.026,7.465
0.026,5.881
0.025,3.545
0.026,2.895
0.026,-0.269
0.026,-3.404
0.026,-3.971
0.026,-2.646
0.026,-2.577
0.026,0.116
0.026,-0.372
0.026,-0.584
0.026,-0.139
0.026,1.262
0.026,2.939
0.025,2.146
0.026,2.309
0.026,2.05
0.026,1.992
0.026,1.424
0.026,-2.334
0.026,0.978
0.026,3.283
0.025,1.042
0.026,-0.403
0.026,-2.946
0.026,-6.73
0.026,-7.344
0.025,-6.417
0.026,-3.258
0.026,-1.402
0.026,1.883
0.026,0.547
0.025,-2.8
0.026,-1.569
0.026,-3.01
0.026,-3.289
0.025,-3.121
0.026,-4.484
0.026,-2.632
0.026,-2.661
0.025,1.733
0.026,2.796
0.026,2.517
0.026,1.393
0.025,1.614
0.026,2.454
0.026,3.314
0.025,3.066
0.026,4.894
0.026,2.727
0.025,3.616
0.026,3.145
0.026,3.463
0.025,3.584
0.026,0.34
0.026,-0.018
0.025,-0.658
0.026,-3.167
0.025,-3.159
0.026,-0.068
0.026,2.969
0.025,8.218
0.026,7.383
0.026,3.695
0.025,-0.048
0.026,-2.691
0.025,-3.836
0.026,-5.022
0.025,-3.333
0.026,0.437
0.025,4.776
0.026,2.252
0.026,-1.854
0.025,-6.09
0.026,-7.76
0.025,-7.052
0.026,-2.193
0.025,2.752
0.026,7.7
0.025,5.579
0.026,3.438
0.025,1.464
0.026,-3.357
0.025,-5.597
0.025,-7.08
0.026,-8.643
0.025,-8.894
0.026,-7.112
0.025,-4.618
0.026,-2.627
0.025,1.083
0.026,3.969
0.025,5.254
0.025,4.582
0.026,4.59
0.025,4.09
0.026,6.082
0.025,4.326
0.025,0.654
0.026,-0.221
0.025,-2.269
0.026,-4.317
0.025,-4.233
0.025,-0.087
0.026,0.581
0.025,1.999
0.025,2.464
0.026,2.884
0.025,2.361
0.025,3.157
0.026,-0.477
0.025,-4.343
0.025,-5.424
0.025,-6.752
0.026,-5.2
0.025,-2.233
0.025,-0.214
0.026,1.1
0.025,2.829
0.025,5.494
0.025,6.249
0.025,7.156
0.026,5.223
0.025,4.403
0.025,1.859
0.025,-0.637
0.026,-1.744
0.025,-0.074
0.025,-0.506
0.025,-1.817
0.025,-0.382
0.025,1.457
0.026,4.884
0.025,5.347
0.025,2.289
0.025,-0.994
0.025,-1.985
0.025,-3.841
0.025,-6.616
0.025,-9.417
0.025,-7.101
0.025,-5.265
0.025,-1.554
0.025,1.715
0.026,0.005
0.025,-1.286
0.025,-2.777
0.025,-2.023
0.025,0.802
0.025,3.363
0.025,6.049
0.025,5.515
0.025,1.917
0.024,0.67
0.025,0.899
0.025,2.985
0.025,1.768
0.025,-0.592
0.025,-1.148
0.025,-5.885
0.025,-5.061
0.025,-3.574
0.025,0.487
0.025,3.277
0.025,3.497
0.024,4.165
0.025,7.632
0.025,5.942
0.025,4.141
0.025,1.632
0.024,-1.333
0.025,-2.565
0.025,-5.015
0.025,-5.175
0.025,-6.133
0.025,-9.814
0.024,-5.125
0.025,-3.361
0.025,0.476
0.025,0.492
0.024,-0.029
0.025,-1.496
0.025,-3.374
0.024,-2.672
0.025,-2.283
0.025,1.493
0.024,5.739
0.025,7.955
0.025,5.753
0.024,4.189
0.025,-0.082
0.025,-2.914
0.024,-4.296
0.025,-3.627
0.025,-1.465
0.024,1.511
0.025,1.254
0.024,0.818
0.025,0.658
0.025,-0.565
0.024,-0.394
0.025,0.103
0.024,2.143
0.025,2.932
0.024,3.733
0.025,2.991
0.024,2.206
0.025,-3.65
0.025,-3.21
0.024,-3.517
0.025,-3.691
0.024,-3.484
0.024,-4.212
0.025,-3.238
0.024,-1.103
0.025,1.936
0.024,4.403
0.025,6.877
0.024,6.395
0.024,3.106
0.025,1.204
0.024,-1.409
0.025,-2.357
0.024,-1.083
0.024,0.678
0.025,1.965
0.024,2.076
0.025,4.87
0.024,3.264
0.024,4.431
0.025,4.076
0.024,3.969
0.024,0.241
0.024,-3.803
0.025,-5.296
0.024,-5.698
0.024,-0.461
0.025,2.276
0.024,2.45
0.024,-1.603
0.024,-3.606
0.025,-5.25
0.024,-5.959
0.024,-0.128
0.024,1.774
0.024,2.5
0.025,3.666
0.024,3.911
0.024,2.209
0.024,0.561
0.024,0.073
0.025,-0.638
0.024,0.203
0.024,0.358
0.024,1.536
0.024,-1.095
0.024,-3.831
0.024,-4.002
0.024,-4.744
0.025,-3.485
0.024,-2.571
0.024,-4.199
0.024,-3.702
0.024,-4.478
0.024,-4.272
0.024,-2.415
0.024,-0.979
0.024,3.558
0.024,6.435
0.024,5.159
0.024,4.142
0.024,1.262
0.024,-1.998
0.024,-2.321
0.024,-2.242
0.024,-2.363
0.024,-2.142
0.024,-2.679
0.024,-3.96
0.024,-4.309
0.024,-3.901
0.024,-3.695
0.024,-2.126
0.024,0.098
0.023,1.703
0.024,4.145
0.024,6.327
0.024,5.654
0.024,8.615
0.024,7.893
0.024,4.606
0.024,0.767
0.023,-2.322
0.024,0.151
0.024,2.261
0.024,3.367
0.024,4.797
0.024,3.976
0.023,1.279
0.024,-1.373
0.024,-1.983
0.024,-3.529
0.023,0.735
0.024,2.567
0.024,2.775
0.024,-1.534
0.023,-2.026
0.024,-2.712
0.024,-1.273
0.024,0.84
0.023,-1.528
0.024,0.576
0.024,0.161
0.023,-2.023
0.024,-6.127
0.024,-4.731
0.023,-4.507
0.024,-1.544
0.024,-4.559
0.023,-4.013
0.024,-2.806
0.024,-2.77
0.023,-0.312
0.024,-0.152
0.023,-0.321
0.024,2.881
0.024,4.918
0.023,4.451
0.024,4.443
0.023,1.168
0.024,-2.846
0.023,-4.527
0.024,-4.604
0.023,-0.846
0.024,3.773
0.024,6.843
0.023,7.359
0.023,3.438
0.024,-2.075
0.024,-0.868
0.023,-1.578
0.023,-1.211
0.024,-0.334
0.023,-2.826
0.024,-2.038
0.023,-0.868
0.024,2.253
0.023,4.05
0.024,5.856
0.023,4.153
0.023,4.591
0.024,1.895
0.023,-0.114
0.024,-2.396
0.023,-2.076
0.023,1.093
0.024,-0.142
0.023,1.202
0.023,-4.689
0.024,-7.082
0.023,-4.774
0.023,0.559
0.024,2.666
0.023,0.152
0.023,-1.478
0.024,-3.73
0.023,-6.75
0.023,-5.327
0.024,-5.211
0.023,-3.387
0.023,2.033
0.023,0.98
0.023,5.121
0.024,5.426
0.023,3.004
0.023,-0.911
0.023,-3.603
0.024,0.373
0.023,4.407
0.023,4.548
0.023,1.077
0.023,-0.8
0.024,-5.025
0.023,-5.192
0.023,-3.855
0.023,-1.731
0.023,1.956
0.023,6.132
0.023,6.562
0.024,6.214
0.023,3.853
0.023,1.252
0.023,0.493
0.023,-1.503
0.023,-2.561
0.023,-2.793
0.023,-5.775
0.023,-0.795
0.023,0.35
0.023,0.286
0.023,2.476
0.023,1.684
0.024,-2.581
0.023,-3.354
0.023,-4.787
0.023,-1.907
0.023,0.532
0.023,6.751
0.023,9.081
0.023,11.021
0.023,8.715
0.023,4.3
0.022,-0.166
0.023,-7.066
0.023,-10.334
0.023,-11.68
0.023,-6.324
0.023,-0.774
0.023,0.463
0.023,1.174
0.023,2.109
0.023,1.508
0.023,2.446
0.022,3.165
0.023,2.108
0.023,0.922
0.023,-4.338
0.023,-7.424
0.023,-6.986
0.023,-1.955
0.023,2.015
0.022,5.399
0.023,1.627
0.023,-1.563
0.023,-1.701
0.023,3.509
0.022,4.311
0.023,2.693
0.023,1.804
0.023,-0.84
0.022,-1.616
0.023,-1.913
0.023,-0.378
0.023,-0.805
0.023,-2.081
0.022,-2.844
0.023,-3.267
0.023,-6.618
0.023,-8.404
0.022,-6.355
0.023,-2.607
0.023,1.117
0.022,4.813
0.023,7.296
0.023,12.111
0.023,11.496
0.022,8.735
0.023,3.823
0.023,0.222
0.022,-2.912
0.023,-3.602
0.023,-6.084
0.022,-5.132
0.023,-1.606
0.023,0.717
0.022,0.666
0.023,1.218
0.022,1.759
0.023,2.111
0.023,1.61
0.022,-0.29
0.023,-0.809
0.023,-2.293
0.022,-3.011
0.023,-4.023
0.022,-3.625
0.023,-2.418
0.023,0.337
0.022,3.888
0.023,5.04
0.022,2.528
0.023,-0.219
0.022,-5.425
0.023,-7.964
0.023,-4.339
0.022,-2.528
0.023,1.822
0.022,2.642
0.023,5.77
0.022,4.191
0.023,1.431
0.022,1.227
0.023,2.106
0.022,2.035
0.023,4.804
0.022,2.33
0.023,1.557
0.022,-1.34
0.023,-3.229
0.022,-2.322
0.023,-2.728
0.022,-0.148
0.023,-0.87
0.022,-0.935
0.023,-1.388
0.022,-4.758
0.022,-5.812
0.023,-6.232
0.022,-4.479
0.023,-0.428
0.022,2.334
0.023,6.394
0.022,5.593
0.022,6.086
0.023,-0.373
0.022,-2.089
0.023,-4.82
0.022,-4.601
0.022,-3.059
0.023,-2.368
0.022,-0.734
0.022,-0.274
0.023,3.108
0.022,6.619
0.023,7.269
0.022,6.966
0.022,7.348
0.023,4.683
0.022,3.499
0.022,1.921
0.023,0.875
0.022,-1.309
0.022,-2.189
0.023,-3.665
0.022,0.319
0.022,1.798
0.022,2.254
0.023,2.94
0.022,-0.043
0.022,-1.692
0.023,-4.108
0.022,-4.979
0.022,-4.252
0.022,-3.993
0.023,-3.079
0.022,-1.334
0.022,0.733
0.022,-2.458
0.023,-5.339
0.022,-5.868
0.022,-5.489
0.022,-1.581
0.023,-1.525
0.022,-2.543
0.022,-1.396
0.022,-4.17
0.022,-2.599
0.023,-3.295
0.022,-2.13
0.022,-1.304
0.022,-0.584
0.022,-0.507
0.017,236.953
h
0.685
l
0.005,-176.355
0.022,-3.666
0.022,-1.976
0.022,-0.9
0.022,1.065
0.022,-2.364
0.022,-2.975
0.022,-5.746
0.022,-4.779
0.022,-3.74
0.022,1.653
0.022,3.84
0.022,1.372
0.022,-0.388
0.021,-0.192
0.022,0.576
0.022,4.157
0.022,2.694
0.022,2.072
0.022,-0.2
0.022,-1.807
0.021,-6.291
0.022,-10.902
0.022,-11.059
0.022,-7.137
0.022,-2.262
0.021,2.243
0.022,7.13
0.022,7.371
0.021,6.595
0.022,3.502
0.022,0.482
0.022,-1.107
0.021,-0.209
0.022,-1.085
0.022,-3.064
0.021,-4.798
0.022,-5.44
0.022,-0.456
0.021,4.896
0.022,5.888
0.022,4.146
0.021,3.34
0.022,1.215
0.021,-1.468
0.022,-5.323
0.021,-8.129
0.022,-5.982
0.021,-6.605
0.022,-3.866
0.021,-2.961
0.022,-0.723
0.022,-0.024
0.021,0.238
0.021,0.312
0.022,3.887
0.021,5.023
0.022,5.354
0.021,6.114
0.022,7.071
0.021,1.681
0.021,-0.791
0.022,-3.492
0.021,-5.064
0.022,-4.167
0.021,-1.842
0.021,0.582
0.022,3.855
0.021,4.253
0.022,4.498
0.021,2.791
0.021,1.724
0.022,1.225
0.021,3.175
0.021,1.365
0.022,-0.664
0.021,-4.362
0.021,-5.923
0.022,-6.931
0.021,-8.542
0.021,-6.257
1.327,224.629
h
0.647
V
172.818
l
0.022,-1.229
0.021,-2.208
0.02,-1.741
0.021,-1.902
0.021,0.959
0.021,0.469
0.021,2.197
0.021,1.321
0.02,0.478
0.021,2.007
0.021,-0.298
0.02,-3.892
0.021,-6.12
0.02,-7.067
0.021,-3.703
0.02,-0.078
0.021,3.089
0.021,4.509
0.02,5.847
0.021,3.937
0.02,1.865
0.02,2.569
0.021,0.765
0.02,0.099
0.02,-2.302
0.021,-6.824
0.02,-5.511
0.02,-3.128
0.021,-7.81
0.02,-3.484
0.02,-2.939
0.02,-0.644
0.02,4.326
0.02,8.861
0.021,6.179
0.019,2.031
0.021,-4.305
0.019,-7.912
0.02,-3.741
0.02,0.073
0.014,1.396
v
0
0
0
223.978
0
