m
1952.5,1795
15,-2.5
h
7.5
l
17.5,-2.5
h
5
l
22.5,-2.5
h
15
l
7.5,-2.5
20,-5
15,-2.5
h
7.5
l
22.5,-7.5
12.5,-2.5
10,-2.5
17.5,-2.5
h
5
l
7.5,-2.5
h
15
l
2.5,2.5
h
2.5
l
5,5
5,5
2.5,2.5
h
10
l
5,-2.5
7.5,-2.5
h
7.5
l
2.5,2.5
5,2.5
10,5
2.5,2.5
15,7.5
7.5,2.5
7.5,5
7.5,5
2.5,5
h
5
l
2.5,5
5,5
12.5,17.5
20,22.5
2.5,5
7.5,10
7.5,7.5
2.5,2.5
5,5
5,2.5
2.5,2.5
15,5
17.5,7.5
h
5
l
10,5
h
42.5
l
12.5,2.5
h
12.5
l
12.5,-2.5
22.5,-2.5
h
25
l
12.5,-2.5
h
7.5
l
5,2.5
2.5,5
7.5,5
2.5,2.5
2.5,2.5
h
72.5
l
15,2.5
2.5,2.5
h
12.5
l
10,2.5
h
55
l
12.5,2.5
20,2.5
17.5,2.5
h
15
l
12.5,-2.5
h
22.5
l
5,-2.5
10,-2.5
h
5
l
2.5,2.5
h
2.5
l
2.5,2.5
2.5,2.5
7.5,7.5
2.5,2.5
2.5,2.5
h
2.5
l
2.5,2.5
h
2.5
l
17.5,-5
17.5,-2.5
5,-2.5
h
2.5
l
7.5,2.5
h
12.5
l
22.5,2.5
h
5
l
12.5,2.5
h
32.5
l
7.5,2.5
7.5,2.5
