4.999999999999998	8.275551056438202e-41
5.006153691022195	8.179052639830608e-41
5.016632352123078	8.017580714774379e-41
5.02700928261121	7.860064819772845e-41
5.037531597720699	7.704890393906731e-41
5.047951758408614	7.553517710617184e-41
5.058517909388921	7.405118942344693e-41
5.069106176972533	7.258926117387579e-41
5.079591649844218	7.116314987570794e-41
5.090224028056066	6.975823767994486e-41
5.100753183314135	6.83877455536058e-41
5.111429855918702	6.703762575231974e-41
5.122128876465586	6.572058361768977e-41
5.13272402707092	6.442941650421285e-41
5.143341093801182	6.316361606314137e-41
5.154106909550073	6.191663170830893e-41
5.164768206885559	6.070019822220127e-41
5.175578872926759	5.950766316831381e-41
5.186412167379453	5.833855703058152e-41
5.197140288311202	5.718682962111889e-41
5.208018714171881	5.6057839764542e-41
5.218791528359666	5.495650993494728e-41
5.229715273645374	5.387681717518347e-41
5.240661884035085	5.281833639661837e-41
5.251631407389032	5.177558990362035e-41
5.262623891667624	5.0753429448026e-41
5.273509656953155	4.975631172033481e-41
5.284417939501613	4.877878367896844e-41
5.2953487858900745	4.781578656311895e-41
5.306432777465847	4.687638268511211e-41
5.31753996956612	4.59554346291132e-41
5.3286704107532135	4.5052579806279906e-41
5.339561440764044	4.416314589377067e-41
5.350869604117658	4.3291271301684175e-41
5.361937906124978	4.24407574637289e-41
5.373029102973395	4.160695308629079e-41
5.384408144393594	4.078554318634163e-41
5.395545821048423	3.998425766560072e-41
5.406839540658837	3.919871445047995e-41
5.41802361677519	3.842484831209373e-41
5.429364385920686	3.766994174021173e-41
5.440595054798304	3.6926256832264493e-41
5.451983069486827	3.620079205667797e-41
5.463394921067683	3.5489579988670437e-41
5.474695982286796	3.479234061509698e-41
5.486020419810667	3.410546568425559e-41
5.497638755090953	3.343541905263265e-41
5.509010649861415	3.343541905263265e-41
5.520406067456208	3.277853636642262e-41
5.531961139052164	3.213141822197732e-41
5.5435403972166375	3.1497075568425585e-41
5.55514389257589	3.0878274183744904e-41
5.566634737026637	3.0878274183744904e-41
5.578286572443976	3.027162996434933e-41
5.589825287650131	2.967690406677191e-41
5.601525664509809	2.9091018752129154e-41
5.6132505320846	2.8519487511189605e-41
5.624861570425741	2.795645206529666e-41
5.636635283694186	2.795645206529666e-41
5.6482946935174105	2.7407210875866793e-41
5.659978220891368	2.6868760250399106e-41
5.671825438790703	2.633831367760476e-41
5.683697454766366	2.5820862940362534e-41
5.695594320724607	2.5820862940362534e-41
5.707516088680316	2.5311104093073866e-41
5.719322115822621	2.481383423617668e-41
5.731293549757211	2.432395628104209e-41
5.743148760703204	2.3846080238393803e-41
5.755170067524703	2.3846080238393803e-41
5.767216536817822	2.337759269774362e-41
5.779146054652079	2.291830920964842e-41
5.7911002487569165	2.2465852957063096e-41
5.8032219255278035	2.202448179269418e-41
5.815368974860281	2.158967159767068e-41
5.8273980962666805	2.158967159767068e-41
5.839595750098247	2.1165514165961933e-41
5.851674984717046	2.0749689863641463e-41
5.863923453865591	2.0340046777315597e-41
5.876053010467988	1.994043986514595e-41
5.888207657122212	1.994043986514595e-41
5.900677747556682	1.9546773097944757e-41
5.913028787136838	1.9162751088257536e-41
5.925259918380186	1.878443755442315e-41
5.937662412280981	1.8415392626938606e-41
5.949944498307907	1.8415392626938606e-41
5.9623986608875805	1.805359807136975e-41
5.9747319139752575	1.7697181581203534e-41
5.987237960485064	1.7349497224171605e-41
5.999770184102324	1.700698118485648e-41
6.012328639619806	1.700698118485648e-41
6.024765173131922	1.6672856720394496e-41
6.037375947062985	1.6345296569524058e-41
6.050013117312342	1.6345296569524058e-41
6.062527601365388	1.6022605590639668e-41
6.075217417953195	1.5707820476569607e-41
6.0879337963079125	1.5707820476569607e-41
6.100526719485529	1.539771463393966e-41
6.113296074158961	1.5095206322788664e-41
6.125941459342124	1.4798641184406546e-41
6.138764011033136	1.4797194788764578e-41
6.151462076778094	1.4506484478063343e-41
6.164338047104989	1.4221485552929068e-41
6.177240968847629	1.4221485552929068e-41
6.19001862438283	1.394208580569673e-41
6.20297529958227	1.3666839327470154e-41
6.215959095125348	1.3666839327470154e-41
6.228816839309031	1.339702680115235e-41
6.2418547252284435	1.3133824628075863e-41
6.254919901478206	1.2875793407102646e-41
6.267858236295387	1.2875793407102646e-41
6.280977841952779	1.2622831548092326e-41
6.293970077757313	1.237362995965834e-41
6.307144339574762	1.237362995965834e-41
6.320346177178603	1.2130533760586495e-41
6.33326404872787	1.1892213505372344e-41
6.346676682933712	1.1892213505372344e-41
6.359961267902928	1.165743587372595e-41
6.373116881340757	1.1427293252735427e-41
6.386456809772366	1.120169413741564e-41
6.399667229378344	1.120169413741564e-41
6.41306273183272	1.0982695586750895e-41
6.426486273164678	1.0766926118825591e-41
6.439779493926878	1.0766926118825591e-41
6.4532589576121975	1.0554364057679475e-41
6.466766635919061	1.0345998424496183e-41
6.4801431768241375	1.0345998424496183e-41
6.49354738717465	1.014273770789191e-41
6.507139395453332	9.94347031481389e-42
6.520759853926956	9.94347031481389e-42
6.534408822146224	9.74811779118131e-42
6.547925281270391	9.747165025659471e-42
6.56146969926157	9.554735221152759e-42
6.575203879541647	9.367019908590903e-42
6.588966807604858	9.367019908590903e-42
6.602758543624802	9.182992509692382e-42
6.616416384508461	9.182992509692382e-42
6.630265576777553	9.002580570553298e-42
6.644143757567824	8.824850449570731e-42
6.657887203984873	8.824850449570731e-42
6.671823201152432	8.651474681209923e-42
6.685788368537377	8.651474681209923e-42
6.699617957051933	8.48067613853431e-42
6.71364130319954	8.314062126190441e-42
6.727694002399582	8.314062126190441e-42
6.741610272938876	8.14992482622806e-42
6.755555329357203	8.14992482622806e-42
6.769695761156479	7.989808857475298e-42
6.783865791086732	7.832838577056759e-42
6.798065481101474	7.832073007877743e-42
6.812127315415741	7.678201655228949e-42
6.826386161212329	7.678201655228949e-42
6.840674852998874	7.527353307235776e-42
6.854824825023721	7.378747315488311e-42
6.869004066340356	7.378747315488311e-42
6.88338196405469	7.23378214098767e-42
6.897789956953233	7.23378214098767e-42
6.9120580718719475	7.090971869532332e-42
6.926526088340289	6.95166042132928e-42
6.94085364409839	6.95166042132928e-42
6.95538193419419	6.814419833696567e-42
6.969940634268925	6.814419833696567e-42
6.984529807975426	6.68054161317015e-42
6.999149519099765	6.68054161317015e-42
7.013627296807552	6.549293605980853e-42
7.0283079135179305	6.549293605980853e-42
7.042846005518413	6.419996596548953e-42
7.0575877815469585	6.419996596548953e-42
7.072360414413821	6.293867338137032e-42
7.087163968707177	6.293867338137032e-42
7.101823804768343	6.169612987432946e-42
7.11668903053674	6.169612987432946e-42
7.131409939344075	6.048402843612657e-42
7.14633709351033	6.048402843612657e-42
7.161119329492347	5.928994485006723e-42
7.17610867004961	5.928994485006723e-42
7.191129385636389	5.81251160744192e-42
7.20618154192552	5.811943501806197e-42
7.221087566464826	5.6977602444180475e-42
7.236024424194533	5.6977602444180475e-42
7.251170552807169	5.5858202669695113e-42
7.266169637352846	5.5858202669695113e-42
7.2815579860263835	5.4760794972821203e-42
7.296799423491402	5.4760794972821203e-42
7.311892891596827	5.367970020900918e-42
7.3270175806206606	5.367970020900918e-42
7.342354172113091	5.261994855916988e-42
7.3577228654854485	5.261994855916988e-42
7.37294235405207	5.158616061401512e-42
7.388375073263827	5.158616061401512e-42
7.403840095565835	5.05726827897338e-42
7.419154977866191	5.0567739896189315e-42
7.434684427313062	4.957427028343174e-42
7.4500631112763696	4.957427028343174e-42
7.465657256271012	4.8600318684995924e-42
7.48128404224526	4.8600318684995924e-42
7.496943537521785	4.764084484835747e-42
7.512635810566261	4.764084484835747e-42
7.528175737377103	4.670487792992084e-42
7.5437478086085425	4.670487792992084e-42
7.559538050298223	4.5787299309912416e-42
7.575174994639407	4.5787299309912416e-42
7.591031018335014	4.488336046903897e-42
7.606920231163233	4.488336046903897e-42
7.6228427025940935	4.399726730677777e-42
7.638798502243045	4.399726730677777e-42
7.654599397247256	4.313288325078965e-42
7.670621668615114	4.313288325078965e-42
7.686488390006865	4.228548115395451e-42
7.702577410014218	4.228548115395451e-42
7.7185102320256505	4.1454727383398545e-42
7.734666278746738	4.1450675664306285e-42
7.750856142595455	4.063632274315017e-42
7.766888829419951	4.063632274315017e-42
7.783146140096942	3.983407515415817e-42
7.799245618951632	3.983407515415817e-42
7.815570657439781	3.905148247156712e-42
7.83192986678171	3.905148247156712e-42
7.8483233185023495	3.8284264849259884e-42
7.864751084276349	3.8284264849259884e-42
7.881019363388621	3.752845189428903e-42
7.8975155670881865	3.752845189428903e-42
7.913851619706021	3.678756029735323e-42
7.930416546442944	3.678756029735323e-42
7.947016146157196	3.606482039721323e-42
7.963454590984001	3.606482039721323e-42
7.980123344482485	3.5356279670898074e-42
7.996630271723699	3.5356279670898074e-42
8.013368467100463	3.4658271381590305e-42
8.030141698132871	3.4658271381590305e-42
8.046950038156009	3.4658271381590305e-42
8.063595196765664	3.397404326306117e-42
8.080473560183298	3.397404326306117e-42
8.097188062375137	3.330657859737461e-42
8.114136740904103	3.330657859737461e-42
8.1311208956628	3.330657859737461e-42
8.147940162135292	3.26522271509917e-42
8.164995072731104	3.26522271509917e-42
8.182085681916949	3.2010731297509574e-42
8.1990103693187	3.2010731297509574e-42
8.216172177829849	3.2010731297509574e-42
8.233369908685049	3.137877126097783e-42
8.250400677780444	3.137877126097783e-42
8.267466675111569	3.137877126097783e-42
8.284975578177837	3.075928746199473e-42
8.302317325289696	3.075928746199473e-42
8.319490712480105	3.0154980892899485e-42
8.33690470515563	3.0154980892899485e-42
8.354149636523776	3.0154980892899485e-42
8.371636175737342	2.9562546719415414e-42
8.388952949335625	2.9559657323138576e-42
8.406512337315462	2.897891906245443e-42
8.424108479835233	2.897608670901612e-42
8.44153379267139	2.897608670901612e-42
8.459203240563825	2.840681345889442e-42
8.476909673368777	2.840681345889442e-42
8.494444205752337	2.7848724328856237e-42
8.512224403398298	2.7848724328856237e-42
8.530041817773299	2.7848724328856237e-42
8.547686254277885	2.730159959218507e-42
8.56557789584212	2.730159959218507e-42
8.583506987404908	2.676522383898412e-42
8.60126201689496	2.6762607848594554e-42
8.619053772757189	2.6762607848594554e-42
8.637307269621525	2.6234256950375245e-42
8.655386501960088	2.6234256950375245e-42
8.673290214605235	2.571885054409813e-42
8.691444764864334	2.571885054409813e-42
8.70942306421654	2.571885054409813e-42
8.727653246169961	2.521110563885546e-42
8.745706442956786	2.521110563885546e-42
8.764012571685496	2.471580038282381e-42
8.78235701799909	2.471580038282381e-42
8.800739862102256	2.471580038282381e-42
8.818944238939741	2.4227857824821215e-42
8.837403665807347	2.4227857824821215e-42
8.855683881916235	2.4227857824821215e-42
8.87422021059139	2.3751869762460434e-42
8.892795338695862	2.3751869762460434e-42
8.911409347442897	2.3282957248613503e-42
8.930062318215755	2.3282957248613503e-42
8.948534199236017	2.3282957248613503e-42
8.967044289439627	2.2825532998111152e-42
8.98581371283031	2.2825532998111152e-42
9.004400915904476	2.237490834560704e-42
9.023248532545459	2.237490834560704e-42
9.042135600190052	2.237490834560704e-42
9.061062201415371	2.193532390748048e-42
9.079805056385181	2.193532390748048e-42
9.098810505662254	2.193532390748048e-42
9.117631443198563	2.1502273879067494e-42
9.136716069007667	2.1502273879067494e-42
9.155840641917564	2.1502273879067494e-42
9.175005245543774	2.107983349023697e-42
9.194209963676835	2.107983349023697e-42
9.213454880282676	2.107983349023697e-42
9.232512960312752	2.066569249723402e-42
9.25161046208192	2.066569249723402e-42
9.270747467134253	2.066569249723402e-42
9.290152588681797	2.02577076978823e-42
9.309598328177742	2.02577076978823e-42
9.329084770641794	2.02577076978823e-42
9.34861200127162	1.985777738770538e-42
9.36794965451955	1.985777738770538e-42
9.38755823541787	1.985777738770538e-42
9.406976449156614	1.946764529060012e-42
9.426666719227923	1.946764529060012e-42
9.446398204108	1.946764529060012e-42
9.466170990065878	1.9083312495616404e-42
9.485751814702372	1.9083312495616404e-42
9.505606973910046	1.9083312495616404e-42
9.525269372087187	1.870656724884928e-42
9.545207247710882	1.870656724884928e-42
9.56495155926331	1.870656724884928e-42
9.584972495898878	1.833905218571041e-42
9.604799062076985	1.833905218571041e-42
9.625140177724319	1.833905218571041e-42
9.645049830964203	1.7978757438295335e-42
9.665238425785224	1.7978757438295335e-42
9.685231022462784	1.7978757438295335e-42
9.70550372278961	1.7623818461678026e-42
9.725818857042647	1.7623818461678026e-42
9.746176514042727	1.7623818461678026e-42
9.766576782796594	1.7277575419407153e-42
9.786778998400294	1.72758867366775e-42
9.807023002393557	1.72758867366775e-42
9.827792389421688	1.72758867366775e-42
9.848121229830666	1.6936479269751933e-42
9.86873488478754	1.6936479269751933e-42
9.889148414964193	1.6936479269751933e-42
9.909847946223604	1.6603739907934714e-42
9.930590804832992	1.6602117084815755e-42
9.951132284306613	1.6602117084815755e-42
9.971961557479805	1.6275946706921847e-42
9.992834429573053	1.6275946706921847e-42
10.013504660312847	1.6275946706921847e-42
10.034464488604907	1.5956184374150334e-42
10.055468189089277	1.5956184374150334e-42
10.076267978091083	1.5956184374150334e-42
10.09735917980418	1.5641175299028713e-42
10.118245620541297	1.5641175299028713e-42
10.139674117169415	1.563964655544301e-42
10.160648086577726	1.563964655544301e-42
10.18191590902903	1.533388388360681e-42
10.20297725580667	1.533238517419509e-42
10.224333679816446	1.533238517419509e-42
10.245482767976757	1.5031160346015545e-42
10.266928162658328	1.5031160346015545e-42
10.288418445898433	1.5031160346015545e-42
10.309953711655853	1.5031160346015545e-42
10.331279905303756	1.4734413216026626e-42
10.352904886786085	1.4734413216026626e-42
10.374575132730154	1.4734413216026626e-42
10.396034996128492	1.4443524506620654e-42
10.417795520123734	1.4443524506620654e-42
10.439601592292354	1.4443524506620654e-42
10.461195963265375	1.4443524506620654e-42
10.483092879336006	1.4159762512750562e-42
10.505035629069928	1.4158378560093385e-42
10.527024308404142	1.4158378560093385e-42
10.548799513726685	1.3881575395644897e-42
10.570879797702732	1.3881575395644897e-42
10.59274571833627	1.3880218632553897e-42
10.614917988578249	1.3880218632553897e-42
10.637136668842793	1.360752352183368e-42
10.659139642163856	1.360752352183368e-42
10.681450885252044	1.360752352183368e-42
10.703808829254635	1.3338882015894903e-42
10.725949714291271	1.3338882015894903e-42
10.748400801289009	1.3338882015894903e-42
10.770898881916278	1.3338882015894903e-42
10.793178543080812	1.3075544065639446e-42
10.815770350511155	1.3075544065639446e-42
10.838409446120862	1.3075544065639446e-42
10.861095928891496	1.2819910840486384e-42
10.883562163123578	1.2819910840486384e-42
10.906074868879701	1.2819910840486384e-42
10.928902985942269	1.2566818486931882e-42
10.951778885817145	1.2566818486931882e-42
10.974702668521239	1.2566818486931882e-42
10.997403898893635	1.2566818486931882e-42
11.020423181871834	1.2319926845711082e-42
11.043490647802464	1.2319926845711082e-42
11.06633416647293	1.2319926845711082e-42
11.089497731260714	1.231872271566448e-42
11.11270978100526	1.2075524883504124e-42
11.135696479817955	1.2075524883504124e-42
11.159279741523443	1.2075524883504124e-42
11.182362770545174	1.2075524883504124e-42
11.205769201312524	1.183828534987107e-42
11.228948394027107	1.183828534987107e-42
11.252175533024113	1.183828534987107e-42
11.275728092800627	1.183828534987107e-42
11.29932995176113	1.183828534987107e-42
11.322981213096536	1.1605706698217178e-42
11.346402859475905	1.1605706698217178e-42
11.370152651754909	1.1605706698217178e-42
11.393952156056319	1.1604572374911334e-42
11.417520606205642	1.1376585321363391e-42
11.441419259029534	1.1376585321363391e-42
11.465367935464188	1.1376585321363391e-42
11.489366740216852	1.1376585321363391e-42
11.513132555936918	1.1151987288644893e-42
11.537231339495955	1.1151987288644893e-42
11.561380565570621	1.1151987288644893e-42
11.585295342268378	1.1151987288644893e-42
11.609545173803312	1.1151987288644893e-42
11.633559579247315	1.093182329961157e-42
11.657910435363943	1.093182329961157e-42
11.682312261623435	1.093182329961157e-42
11.706477186172513	1.093182329961157e-42
11.730980670222365	1.0717053284528936e-42
11.755246265631405	1.0717053284528936e-42
11.779851830977089	1.0717053284528936e-42
11.804508899611797	1.0716005816793909e-42
11.829217579339941	1.0506502708246048e-42
11.853977978191622	1.0505475819389146e-42
11.87849799418113	1.0505475819389146e-42
11.90336154463339	1.0505475819389146e-42
11.928277138377783	1.0505475819389146e-42
11.952950842572138	1.0298075344188931e-42
11.977970234457661	1.0298075344188931e-42
12.002746729083439	1.0298075344188931e-42
12.027870351532206	1.0298075344188931e-42
12.053046561644393	1.009575613938891e-42
12.077978352049058	1.0094769396248074e-42
12.103259446027824	1.0094769396248074e-42
12.1285934572825	1.0094769396248074e-42
12.153681516839379	1.0094769396248074e-42
12.179121069358796	1.0094769396248074e-42
12.204613870832562	9.896444403603601e-43
12.230160032719072	9.896444403603601e-43
12.255759666709974	9.896444403603601e-43
12.281110770241984	9.896444403603601e-43
12.306817052079587	9.896444403603601e-43
12.332273768082613	9.70201576571097e-43
12.358087142060871	9.70201576571097e-43
12.383954547460165	9.70201576571097e-43
12.409570822779363	9.70201576571097e-43
12.435545991558644	9.701067506127902e-43
12.461268984052156	9.510477303788914e-43
12.48735236515269	9.510477303788914e-43
12.513490342841314	9.510477303788914e-43
12.539374563636688	9.509547764870182e-43
12.565621431907026	9.509547764870182e-43
12.591923238969619	9.322720219188686e-43
12.617969698624448	9.322720219188686e-43
12.644692129694109	9.322720219188686e-43
12.67084774207781	9.321809031348648e-43
12.697369804232668	9.321809031348648e-43
12.723634380664079	9.138669859465976e-43
12.750266933493137	9.138669859465976e-43
12.776955232412408	9.138669859465976e-43
12.803384431721902	9.138669859465976e-43
12.830183913856251	9.138669859465976e-43
12.856723216974146	9.138669859465976e-43
12.883634345511824	8.959128696957353e-43
12.910601803242184	8.959128696957353e-43
12.937625708071005	8.958253045974154e-43
12.96470617815086	8.958253045974154e-43
12.99152374128219	8.958253045974154e-43
13.018717028358678	8.782256408536305e-43
13.045967235229684	8.782256408536305e-43
13.072952887286315	8.782256408536305e-43
13.100316618275908	8.782256408536305e-43
13.127414692318116	8.782256408536305e-43
13.154892420366748	8.608875955925356e-43
13.182427663589253	8.608875955925356e-43
13.209695584761912	8.608875955925356e-43
13.2373455395619	8.608875955925356e-43
13.264727058650752	8.608875955925356e-43
13.292492202915605	8.438918402845915e-43
13.320315463961364	8.438918402845915e-43
13.348196963435507	8.438918402845915e-43
13.376136823240142	8.438918402845915e-43
13.403805432831547	8.438918402845915e-43
13.431861689842735	8.438918402845915e-43
13.45997667297922	8.273124776020345e-43
13.487818705742148	8.273124776020345e-43
13.516050815647423	8.273124776020345e-43
13.54434201976555	8.273124776020345e-43
13.572358562693418	8.273124776020345e-43
13.600767627715372	8.109795666569721e-43
13.629236157344874	8.109795666569721e-43
13.657428304244227	8.109795666569721e-43
13.686015433514024	8.109795666569721e-43
13.714325028645701	8.109795666569721e-43
13.743031251640865	7.950468087821888e-43
13.771797561241584	7.950468087821888e-43
13.800624083218532	7.950468087821888e-43
13.829170746946799	7.949691021721659e-43
13.85811735995698	7.949691021721659e-43
13.887124562746541	7.793508908835082e-43
13.915850153173087	7.793508908835082e-43
13.944978199710551	7.793508908835082e-43
13.974167215796086	7.793508908835082e-43
14.003417329048503	7.793508908835082e-43
14.032383471675706	7.793508908835082e-43
14.06140953092176	7.639648438452106e-43
14.090842255957636	7.639648438452106e-43
14.120336588281269	7.639648438452106e-43
14.149892656846315	7.639648438452106e-43
14.17951059087635	7.639648438452106e-43
14.208840983344711	7.639648438452106e-43
14.238582305423542	7.639648438452106e-43
14.268034888045108	7.488825501563021e-43
14.297900112206216	7.488825501563021e-43
14.327827848943262	7.488825501563021e-43
14.357465036442457	7.488825501563021e-43
14.387517451863596	7.488825501563021e-43
14.41763277168117	7.488825501563021e-43
14.447811127563927	7.488825501563021e-43
14.477696501107982	7.34169769663612e-43
14.508000579751942	7.34169769663612e-43
14.538010455495407	7.34169769663612e-43
14.568440780660502	7.34169769663612e-43
14.598934801246127	7.340980130785259e-43
14.629492650576728	7.340980130785259e-43
14.659753833309686	7.340980130785259e-43
14.690438986367836	7.340980130785259e-43
14.721188368241059	7.340980130785259e-43
14.751639224049793	7.196756942191934e-43
14.782516707573429	7.196756942191934e-43
14.813458822489837	7.196756942191934e-43
14.844465704082598	7.196756942191934e-43
14.875171559710934	7.196756942191934e-43
14.90630761569564	7.053988114079196e-43
14.93750884430563	7.053988114079196e-43
14.96840716016041	7.053988114079196e-43
14.999738372810285	7.053988114079196e-43
15.030765410773101	7.053988114079196e-43
15.062227148975177	7.053988114079196e-43
15.093754741506284	7.053988114079196e-43
15.12497625282378	7.053988114079196e-43
15.156635189023937	7.053988114079196e-43
15.188360392319284	6.914727359776516e-43
15.220152001417228	6.914727359776516e-43
15.25163496613372	6.914727359776516e-43
15.28355901879136	6.914727359776516e-43
15.315549893474348	6.914727359776516e-43
15.347230189233882	6.77887846626183e-43
15.37935433761523	6.77887846626183e-43
15.41154572685348	6.77887846626183e-43
15.443424590500832	6.77887846626183e-43
15.475750088779305	6.77887846626183e-43
15.507761759488043	6.77887846626183e-43
15.540221925503774	6.77887846626183e-43
15.572750035713796	6.645048962544233e-43
15.605346232335881	6.645048962544233e-43
15.637625973351316	6.645048962544233e-43
15.670357965437573	6.645048962544233e-43
15.703158470692502	6.645048962544233e-43
15.735640536839036	6.645048962544233e-43
15.768577688706044	6.645048962544233e-43
15.801583783173186	6.514498255055207e-43
15.834269442597876	6.513861538361538e-43
15.86741304015992	6.513861538361538e-43
15.900626012445162	6.513861538361538e-43
15.933908504665709	6.513861538361538e-43
15.966867878474954	6.513861538361538e-43
15.999895428922816	6.513861538361538e-43
16.033780127724047	6.513861538361538e-43
16.06694608651251	6.3858881799840926e-43
16.10057671260948	6.3858881799840926e-43
16.13427773285636	6.3858881799840926e-43
16.167651571471264	6.385264033434519e-43
16.201492989867678	6.385264033434519e-43
16.23540524363518	6.385264033434519e-43
16.26898826503968	6.385264033434519e-43
16.30344285067187	6.385264033434519e-43
16.337166608225495	6.385264033434519e-43
16.371362848053945	6.385264033434519e-43
16.40563066595013	6.385264033434519e-43
16.439565799538798	6.385264033434519e-43
16.473571128130335	6.385264033434519e-43
16.508052883910736	6.2592053172393024e-43
16.542606815388332	6.2592053172393024e-43
16.5768252848648	6.2592053172393024e-43
16.611523167712498	6.2592053172393024e-43
16.64629367864509	6.2592053172393024e-43
16.681136969684484	6.2592053172393024e-43
16.715641989516	6.2592053172393024e-43
16.75063043739485	6.2592053172393024e-43
16.785692121556544	6.2592053172393024e-43
16.82082719529609	6.2592053172393024e-43
16.855621165096288	6.2592053172393024e-43
16.890902611239383	6.2592053172393024e-43
16.926257906956454	6.135635268677183e-43
16.961269960739976	6.135635268677183e-43
16.996772546303404	6.135635268677183e-43
17.031930459990452	6.135635268677183e-43
17.067580949008402	6.135635268677183e-43
17.103306060064682	6.135635268677183e-43
17.13868433888701	6.135635268677183e-43
17.17455828043703	6.135635268677183e-43
17.2105073117464	6.135635268677183e-43
17.246531589989694	6.135635268677183e-43
17.28220613157633	6.135635268677183e-43
17.318380486641214	6.135035581448961e-43
17.354630560277794	6.014504756146734e-43
17.390528705154804	6.014504756146734e-43
17.42692979627458	6.014504756146734e-43
17.463407080560028	6.014504756146734e-43
17.499960717495334	6.014504756146734e-43
17.53615947856931	6.014504756146734e-43
17.57286539762979	6.014504756146734e-43
17.6096481479084	6.014504756146734e-43
17.646073798010896	6.014504756146734e-43
17.683009784898825	6.014504756146734e-43
17.719587183934493	6.013916908022066e-43
17.756677045814083	6.013916908022066e-43
17.793844542564056	6.013916908022066e-43
17.83065120388072	5.8957656180093146e-43
17.86797354009037	5.895189375259168e-43
17.90537399777547	5.895189375259168e-43
17.942852740456452	5.895189375259168e-43
17.979967626016624	5.895189375259168e-43
18.01760250480506	5.895189375259168e-43
18.055316159269335	5.895189375259168e-43
18.09310875429923	5.895189375259168e-43
18.130534445216785	5.895189375259168e-43
18.168484483860233	5.895189375259168e-43
18.206513957858295	5.895189375259168e-43
18.24417422803774	5.895189375259168e-43
18.28236213248501	5.77880577694871e-43
18.320629970177148	5.77880577694871e-43
18.35852628993015	5.77880577694871e-43
18.396953551092516	5.77880577694871e-43
18.43546124651072	5.77880577694871e-43
18.473595095364665	5.77880577694871e-43
18.51226321349824	5.77880577694871e-43
18.551012270038893	5.77880577694871e-43
18.589842434403337	5.77880577694871e-43
18.628753876362918	5.77880577694871e-43
18.66728755204153	5.77880577694871e-43
18.706361098720965	5.77880577694871e-43
18.74505530534848	5.77880577694871e-43
18.78429163207459	5.664719838830907e-43
18.823147038421506	5.664719838830907e-43
18.86254682333451	5.664719838830907e-43
18.902029078147354	5.664719838830907e-43
18.941128025022657	5.664719838830907e-43
18.980774762556624	5.664719838830907e-43
19.02050448690083	5.664719838830907e-43
19.06031737175962	5.664719838830907e-43
19.09974373880539	5.664719838830907e-43
19.139722483787107	5.664166178127484e-43
19.17978491052248	5.664166178127484e-43
19.219931194170467	5.664166178127484e-43
19.259687723250014	5.5528862001984385e-43
19.300001255957316	5.5528862001984385e-43
19.33992341038212	5.5528862001984385e-43
19.380404888906817	5.5528862001984385e-43
19.42097110148494	5.5528862001984385e-43
19.461143482673457	5.552343469936907e-43
19.50187869373106	5.552343469936907e-43
19.542699169943894	5.552343469936907e-43
19.58360508978523	5.552343469936907e-43
19.624113880236603	5.552343469936907e-43
19.66519021377485	5.552343469936907e-43
19.70635252649092	5.552343469936907e-43
19.747115220662714	5.443260395860446e-43
19.78844901520612	5.443260395860446e-43
19.82986932783342	5.443260395860446e-43
19.87088751716049	5.443260395860446e-43
19.912480386440453	5.443260395860446e-43